000060	(312.833, 215.434)	Michael
000060	(647.778, 286.828)	Franklin
000060	(882.768, 284.045)	Trevor
000061	(312.816, 218.071)	Michael
000061	(644.974, 284.205)	Franklin
000061	(882.658, 284.088)	Trevor
000062	(312.849, 215.469)	Michael
000062	(639.356, 284.192)	Franklin
000062	(879.910, 284.158)	Trevor
000063	(312.850, 218.181)	Michael
000063	(639.325, 284.206)	Franklin
000063	(879.861, 284.183)	Trevor
000064	(312.837, 218.179)	Michael
000064	(636.460, 286.841)	Franklin
000064	(879.838, 284.205)	Trevor
000065	(312.814, 218.084)	Michael
000065	(636.399, 286.851)	Franklin
000065	(879.754, 286.817)	Trevor
000066	(312.784, 215.452)	Michael
000066	(633.634, 286.855)	Franklin
000066	(877.016, 286.855)	Trevor
000067	(312.770, 215.436)	Michael
000067	(630.834, 286.857)	Franklin
000067	(874.155, 286.854)	Trevor
000068	(312.784, 215.471)	Michael
000068	(630.732, 286.891)	Franklin
000068	(874.114, 286.848)	Trevor
000069	(312.752, 218.226)	Michael
000069	(630.627, 286.870)	Franklin
000069	(874.111, 286.879)	Trevor
000070	(312.758, 218.185)	Michael
000070	(630.576, 286.871)	Franklin
000070	(871.336, 286.888)	Trevor
000071	(312.835, 218.095)	Michael
000071	(630.570, 286.912)	Franklin
000071	(871.299, 286.877)	Trevor
000072	(312.850, 218.074)	Michael
000072	(627.951, 286.903)	Franklin
000072	(871.266, 286.866)	Trevor
000073	(312.830, 215.397)	Michael
000073	(627.895, 286.943)	Franklin
000073	(868.446, 286.858)	Trevor
000074	(312.834, 215.390)	Michael
000074	(627.857, 286.984)	Franklin
000074	(868.425, 286.876)	Trevor
000075	(312.852, 215.437)	Michael
000075	(627.849, 287.013)	Franklin
000075	(868.478, 286.885)	Trevor
000076	(315.559, 215.473)	Michael
000076	(627.850, 287.085)	Franklin
000076	(868.429, 286.949)	Trevor
000077	(315.553, 215.434)	Michael
000077	(627.842, 289.774)	Franklin
000077	(868.475, 287.018)	Trevor
000078	(312.820, 215.344)	Michael
000078	(627.847, 289.815)	Franklin
000078	(868.408, 289.763)	Trevor
000079	(312.796, 215.331)	Michael
000079	(627.869, 289.891)	Franklin
000079	(868.403, 289.855)	Trevor
000080	(312.785, 215.344)	Michael
000080	(627.904, 292.645)	Franklin
000080	(868.489, 289.901)	Trevor
000081	(312.781, 215.417)	Michael
000081	(627.891, 292.724)	Franklin
000081	(871.277, 289.939)	Trevor
000082	(312.787, 215.442)	Michael
000082	(627.923, 292.694)	Franklin
000082	(871.296, 292.649)	Trevor
000083	(312.808, 215.459)	Michael
000083	(630.584, 292.755)	Franklin
000083	(871.293, 289.900)	Trevor
000084	(312.806, 215.419)	Michael
000084	(630.619, 295.528)	Franklin
000084	(874.137, 289.829)	Trevor
000085	(312.766, 215.373)	Michael
000085	(630.634, 292.711)	Franklin
000085	(876.963, 287.090)	Trevor
000086	(312.758, 215.354)	Michael
000086	(630.709, 289.873)	Franklin
000086	(877.051, 286.927)	Trevor
000087	(312.793, 215.390)	Michael
000087	(630.788, 289.847)	Franklin
000087	(879.760, 286.856)	Trevor
000088	(312.806, 215.403)	Michael
000088	(630.850, 287.082)	Franklin
000088	(879.769, 286.849)	Trevor
000089	(312.822, 215.380)	Michael
000089	(633.528, 287.000)	Franklin
000089	(879.828, 286.811)	Trevor
000090	(315.573, 215.324)	Michael
000090	(633.580, 286.913)	Franklin
000090	(879.902, 286.859)	Trevor
000091	(312.823, 215.339)	Michael
000091	(633.635, 287.006)	Franklin
000091	(880.004, 286.936)	Trevor
000092	(312.817, 215.347)	Michael
000092	(636.437, 287.081)	Franklin
000092	(882.653, 287.111)	Trevor
000093	(312.811, 215.387)	Michael
000093	(642.169, 287.123)	Franklin
000093	(882.824, 289.908)	Trevor
000094	(312.778, 215.460)	Michael
000094	(645.035, 289.826)	Franklin
000094	(882.879, 289.910)	Trevor
000095	(312.801, 218.115)	Michael
000095	(647.860, 292.673)	Franklin
000095	(882.894, 292.758)	Trevor
000096	(312.823, 215.467)	Michael
000096	(647.891, 292.693)	Franklin
000096	(882.913, 301.251)	Trevor
000097	(312.828, 215.441)	Michael
000097	(650.618, 295.588)	Franklin
000097	(885.634, 304.122)	Trevor
000098	(312.830, 218.082)	Michael
000098	(650.644, 301.244)	Franklin
000098	(888.461, 304.160)	Trevor
000099	(312.825, 218.146)	Michael
000099	(650.711, 304.059)	Franklin
000099	(888.483, 304.175)	Trevor
000100	(315.566, 218.104)	Michael
000100	(650.754, 304.113)	Franklin
000100	(891.357, 304.083)	Trevor
000101	(312.832, 215.438)	Michael
000101	(650.775, 304.129)	Franklin
000101	(894.205, 298.382)	Trevor
000102	(312.809, 215.391)	Michael
000102	(650.816, 304.178)	Franklin
000102	(894.197, 292.662)	Trevor
000103	(312.787, 215.422)	Michael
000103	(650.813, 304.042)	Franklin
000103	(891.420, 289.846)	Trevor
000104	(312.796, 215.436)	Michael
000104	(650.755, 298.355)	Franklin
000104	(888.517, 287.005)	Trevor
000105	(312.773, 218.177)	Michael
000105	(650.788, 292.669)	Franklin
000105	(885.751, 284.162)	Trevor
000106	(312.754, 218.128)	Michael
000106	(650.695, 289.822)	Franklin
000106	(885.668, 284.075)	Trevor
000107	(312.817, 215.447)	Michael
000107	(650.617, 287.016)	Franklin
000107	(882.920, 284.022)	Trevor
000108	(312.830, 215.390)	Michael
000108	(647.941, 286.856)	Franklin
000108	(882.860, 284.037)	Trevor
000109	(312.848, 215.371)	Michael
000109	(647.838, 284.213)	Franklin
000109	(882.770, 284.044)	Trevor
000110	(312.830, 215.373)	Michael
000110	(644.972, 284.211)	Franklin
000110	(882.667, 284.083)	Trevor
000111	(315.548, 215.421)	Michael
000111	(642.166, 284.169)	Franklin
000111	(879.938, 284.163)	Trevor
000112	(315.558, 215.446)	Michael
000112	(639.261, 284.215)	Franklin
000112	(879.847, 284.200)	Trevor
000113	(315.560, 215.435)	Michael
000113	(636.456, 286.823)	Franklin
000113	(879.836, 284.227)	Trevor
000114	(312.830, 215.354)	Michael
000114	(636.384, 286.834)	Franklin
000114	(879.761, 286.819)	Trevor
000115	(312.790, 215.336)	Michael
000115	(633.613, 286.890)	Franklin
000115	(877.023, 286.859)	Trevor
000116	(312.777, 215.334)	Michael
000116	(630.824, 286.840)	Franklin
000116	(874.197, 286.873)	Trevor
000117	(312.784, 215.377)	Michael
000117	(630.752, 286.907)	Franklin
000117	(874.109, 286.834)	Trevor
000118	(312.807, 215.421)	Michael
000118	(630.602, 286.876)	Franklin
000118	(874.126, 286.878)	Trevor
000119	(312.816, 218.089)	Michael
000119	(630.581, 286.874)	Franklin
000119	(871.338, 286.906)	Trevor
000120	(312.835, 215.379)	Michael
000120	(627.967, 286.932)	Franklin
000120	(871.269, 286.872)	Trevor
000121	(312.799, 215.325)	Michael
000121	(627.948, 286.969)	Franklin
000121	(871.261, 286.886)	Trevor
000122	(312.778, 215.378)	Michael
000122	(627.883, 286.986)	Franklin
000122	(868.427, 286.873)	Trevor
000123	(312.806, 215.362)	Michael
000123	(627.829, 286.982)	Franklin
000123	(868.409, 286.877)	Trevor
000124	(312.818, 215.377)	Michael
000124	(627.833, 287.035)	Franklin
000124	(868.456, 286.889)	Trevor
000125	(312.851, 215.409)	Michael
000125	(627.847, 287.120)	Franklin
000125	(865.653, 286.957)	Trevor
000126	(315.562, 215.288)	Michael
000126	(627.817, 289.839)	Franklin
000126	(868.467, 287.026)	Trevor
000127	(312.818, 215.319)	Michael
000127	(627.854, 289.842)	Franklin
000127	(868.412, 289.769)	Trevor
000128	(312.796, 215.331)	Michael
000128	(627.881, 289.882)	Franklin
000128	(868.408, 289.874)	Trevor
000129	(312.778, 215.374)	Michael
000129	(627.907, 289.936)	Franklin
000129	(868.470, 289.933)	Trevor
000130	(312.772, 215.410)	Michael
000130	(627.893, 292.732)	Franklin
000130	(868.487, 292.661)	Trevor
000131	(312.778, 218.125)	Michael
000131	(627.936, 292.678)	Franklin
000131	(871.293, 292.684)	Trevor
000132	(312.809, 215.439)	Michael
000132	(630.590, 292.745)	Franklin
000132	(871.275, 289.910)	Trevor
000133	(312.793, 215.450)	Michael
000133	(630.623, 295.535)	Franklin
000133	(874.127, 289.814)	Trevor
000134	(312.806, 218.104)	Michael
000134	(630.632, 292.709)	Franklin
000134	(876.972, 287.079)	Trevor
000135	(312.810, 218.184)	Michael
000135	(630.691, 289.879)	Franklin
000135	(877.047, 286.937)	Trevor
000136	(315.555, 218.100)	Michael
000136	(630.795, 289.851)	Franklin
000136	(879.773, 286.858)	Trevor
000137	(312.816, 215.408)	Michael
000137	(630.837, 287.085)	Franklin
000137	(879.774, 286.833)	Trevor
000138	(312.799, 215.398)	Michael
000138	(633.540, 287.028)	Franklin
000138	(879.845, 284.230)	Trevor
000139	(312.786, 215.392)	Michael
000139	(633.562, 286.924)	Franklin
000139	(879.899, 286.858)	Trevor
000140	(312.779, 215.429)	Michael
000140	(633.623, 286.991)	Franklin
000140	(880.008, 286.962)	Trevor
000141	(312.736, 218.191)	Michael
000141	(636.449, 287.069)	Franklin
000141	(882.662, 287.115)	Trevor
000142	(312.751, 218.107)	Michael
000142	(642.178, 289.765)	Franklin
000142	(882.828, 289.898)	Trevor
000143	(312.824, 218.097)	Michael
000143	(645.051, 289.866)	Franklin
000143	(882.863, 289.923)	Trevor
000144	(312.840, 215.409)	Michael
000144	(647.878, 292.679)	Franklin
000144	(882.898, 292.740)	Trevor
000145	(312.845, 215.385)	Michael
000145	(647.905, 292.680)	Franklin
000145	(882.926, 301.256)	Trevor
000146	(312.834, 215.380)	Michael
000146	(650.623, 295.589)	Franklin
000146	(885.626, 304.123)	Trevor
000147	(312.838, 215.435)	Michael
000147	(650.649, 301.238)	Franklin
000147	(888.509, 304.191)	Trevor
000148	(315.554, 215.455)	Michael
000148	(650.728, 304.051)	Franklin
000148	(888.539, 304.190)	Trevor
000149	(312.852, 215.458)	Michael
000149	(650.754, 304.110)	Franklin
000149	(891.399, 304.066)	Trevor
000150	(312.833, 215.370)	Michael
000150	(650.797, 304.142)	Franklin
000150	(894.180, 298.394)	Trevor
000151	(312.809, 215.347)	Michael
000151	(650.823, 304.159)	Franklin
000151	(894.223, 292.676)	Trevor
000152	(312.778, 215.342)	Michael
000152	(650.825, 304.051)	Franklin
000152	(891.405, 289.854)	Trevor
000153	(312.778, 215.394)	Michael
000153	(650.756, 295.602)	Franklin
000153	(888.497, 286.991)	Trevor
000154	(312.795, 215.443)	Michael
000154	(650.796, 292.682)	Franklin
000154	(885.742, 284.174)	Trevor
000155	(312.811, 218.088)	Michael
000155	(650.708, 289.812)	Franklin
000155	(885.657, 284.078)	Trevor
000156	(312.837, 215.397)	Michael
000156	(650.619, 287.000)	Franklin
000156	(882.916, 284.032)	Trevor
000157	(312.785, 215.350)	Michael
000157	(650.581, 286.865)	Franklin
000157	(882.858, 284.043)	Trevor
000158	(312.753, 215.361)	Michael
000158	(647.822, 284.222)	Franklin
000158	(882.780, 284.049)	Trevor
000159	(312.780, 215.385)	Michael
000159	(644.983, 284.220)	Franklin
000159	(882.680, 284.090)	Trevor
000160	(312.790, 215.415)	Michael
000160	(642.131, 284.204)	Franklin
000160	(879.932, 284.179)	Trevor
000161	(312.818, 215.405)	Michael
000161	(639.273, 286.823)	Franklin
000161	(879.857, 284.228)	Trevor
000162	(315.565, 215.296)	Michael
000162	(636.457, 286.838)	Franklin
000162	(879.833, 284.233)	Trevor
000163	(312.803, 215.302)	Michael
000163	(636.408, 286.840)	Franklin
000163	(879.762, 286.833)	Trevor
000164	(312.792, 215.332)	Michael
000164	(633.627, 286.898)	Franklin
000164	(877.013, 286.844)	Trevor
000165	(312.759, 215.372)	Michael
000165	(630.816, 286.877)	Franklin
000165	(874.167, 286.864)	Trevor
000166	(312.766, 215.430)	Michael
000166	(630.758, 286.911)	Franklin
000166	(874.112, 286.840)	Trevor
000167	(312.792, 218.102)	Michael
000167	(630.671, 286.906)	Franklin
000167	(874.111, 286.866)	Trevor
000168	(312.795, 215.437)	Michael
000168	(630.585, 286.881)	Franklin
000168	(871.335, 286.896)	Trevor
000169	(312.792, 215.406)	Michael
000169	(630.574, 286.933)	Franklin
000169	(871.290, 286.873)	Trevor
000170	(312.810, 218.095)	Michael
000170	(627.945, 286.955)	Franklin
000170	(871.259, 286.876)	Trevor
000171	(312.805, 218.187)	Michael
000171	(627.880, 286.966)	Franklin
000171	(868.456, 286.889)	Trevor
000172	(312.842, 218.121)	Michael
000172	(627.839, 286.998)	Franklin
000172	(868.418, 286.825)	Trevor
000173	(312.823, 215.431)	Michael
000173	(627.831, 287.042)	Franklin
000173	(868.462, 286.907)	Trevor
000174	(312.792, 215.365)	Michael
000174	(627.839, 289.768)	Franklin
000174	(865.653, 286.964)	Trevor
000175	(312.775, 215.411)	Michael
000175	(627.831, 289.801)	Franklin
000175	(868.478, 287.034)	Trevor
000176	(312.784, 215.416)	Michael
000176	(627.849, 289.818)	Franklin
000176	(865.671, 289.772)	Trevor
000177	(312.733, 218.175)	Michael
000177	(627.875, 289.863)	Franklin
000177	(868.410, 289.886)	Trevor
000178	(312.741, 218.132)	Michael
000178	(627.896, 292.640)	Franklin
000178	(868.473, 292.634)	Trevor
000179	(312.820, 218.093)	Michael
000179	(627.881, 292.746)	Franklin
000179	(868.498, 292.680)	Trevor
000180	(312.825, 215.405)	Michael
000180	(627.929, 292.695)	Franklin
000180	(871.336, 292.700)	Trevor
000181	(312.843, 215.372)	Michael
000181	(630.582, 292.738)	Franklin
000181	(871.308, 289.909)	Trevor
000182	(312.831, 215.371)	Michael
000182	(630.623, 295.511)	Franklin
000182	(874.124, 289.850)	Trevor
000183	(312.849, 215.454)	Michael
000183	(630.634, 292.686)	Franklin
000183	(876.950, 287.094)	Trevor
000184	(312.852, 215.450)	Michael
000184	(630.697, 289.871)	Franklin
000184	(877.025, 286.943)	Trevor
000185	(315.575, 215.409)	Michael
000185	(630.796, 289.849)	Franklin
000185	(879.756, 286.851)	Trevor
000186	(312.819, 215.336)	Michael
000186	(630.852, 287.071)	Franklin
000186	(879.782, 286.829)	Trevor
000187	(312.804, 215.317)	Michael
000187	(633.531, 287.014)	Franklin
000187	(879.840, 284.219)	Trevor
000188	(312.782, 215.324)	Michael
000188	(633.560, 286.934)	Franklin
000188	(879.901, 286.869)	Trevor
000189	(312.789, 215.413)	Michael
000189	(633.656, 287.014)	Franklin
000189	(880.010, 286.969)	Trevor
000190	(312.830, 215.426)	Michael
000190	(636.449, 287.068)	Franklin
000190	(882.665, 287.119)	Trevor
000191	(312.817, 218.099)	Michael
000191	(642.199, 287.086)	Franklin
000191	(882.826, 289.920)	Trevor
000192	(312.827, 215.391)	Michael
000192	(645.051, 289.851)	Franklin
000192	(882.863, 289.929)	Trevor
000193	(312.781, 215.340)	Michael
000193	(647.852, 292.675)	Franklin
000193	(882.888, 295.497)	Trevor
000194	(312.770, 215.371)	Michael
000194	(647.905, 292.719)	Franklin
000194	(882.906, 301.235)	Trevor
000195	(312.780, 215.383)	Michael
000195	(650.626, 295.608)	Franklin
000195	(885.646, 304.145)	Trevor
000196	(312.799, 215.424)	Michael
000196	(650.643, 301.237)	Franklin
000196	(888.517, 304.169)	Trevor
000197	(312.829, 215.414)	Michael
000197	(650.729, 304.069)	Franklin
000197	(888.530, 304.184)	Trevor
000198	(315.580, 215.302)	Michael
000198	(650.774, 304.137)	Franklin
000198	(891.377, 304.089)	Trevor
000199	(312.819, 215.314)	Michael
000199	(650.817, 304.161)	Franklin
000199	(894.233, 298.419)	Trevor
000200	(312.793, 215.351)	Michael
000200	(650.838, 306.831)	Franklin
000200	(894.200, 292.695)	Trevor
000201	(312.774, 215.378)	Michael
000201	(650.824, 304.077)	Franklin
000201	(891.428, 289.868)	Trevor
000202	(312.771, 215.435)	Michael
000202	(650.781, 298.381)	Franklin
000202	(888.498, 286.994)	Trevor
000203	(312.779, 218.127)	Michael
000203	(650.803, 292.664)	Franklin
000203	(885.756, 284.201)	Trevor
000204	(312.799, 215.447)	Michael
000204	(650.700, 289.810)	Franklin
000204	(885.670, 284.073)	Trevor
000205	(312.796, 215.457)	Michael
000205	(650.604, 287.024)	Franklin
000205	(882.914, 284.046)	Trevor
000206	(312.808, 218.109)	Michael
000206	(647.943, 286.869)	Franklin
000206	(882.866, 284.046)	Trevor
000207	(312.781, 218.199)	Michael
000207	(647.838, 286.821)	Franklin
000207	(882.772, 284.041)	Trevor
000208	(312.841, 218.111)	Michael
000208	(644.978, 286.835)	Franklin
000208	(882.675, 284.074)	Trevor
000209	(312.808, 215.424)	Michael
000209	(642.143, 284.193)	Franklin
000209	(879.936, 284.167)	Trevor
000210	(312.814, 215.397)	Michael
000210	(642.133, 284.182)	Franklin
000210	(879.960, 286.833)	Trevor
000211	(312.779, 215.414)	Michael
000211	(639.244, 286.813)	Franklin
000211	(879.953, 286.911)	Trevor
000212	(312.773, 215.411)	Michael
000212	(639.266, 286.987)	Franklin
000212	(879.977, 286.985)	Trevor
000213	(312.739, 218.172)	Michael
000213	(636.413, 287.059)	Franklin
000213	(880.015, 287.063)	Trevor
000214	(312.759, 218.126)	Michael
000214	(636.448, 287.086)	Franklin
000214	(882.678, 287.099)	Trevor
000215	(312.821, 218.092)	Michael
000215	(636.424, 289.831)	Franklin
000215	(882.705, 289.765)	Trevor
000216	(312.855, 215.464)	Michael
000216	(636.421, 289.884)	Franklin
000216	(882.787, 289.825)	Trevor
000217	(312.852, 215.423)	Michael
000217	(636.463, 289.891)	Franklin
000217	(882.849, 289.854)	Trevor
000218	(312.847, 215.454)	Michael
000218	(636.468, 289.903)	Franklin
000218	(882.873, 289.870)	Trevor
000219	(312.848, 215.463)	Michael
000219	(636.479, 289.906)	Franklin
000219	(882.872, 289.867)	Trevor
000220	(312.844, 218.101)	Michael
000220	(636.473, 289.913)	Franklin
000220	(882.872, 289.865)	Trevor
000221	(315.564, 215.416)	Michael
000221	(636.477, 289.914)	Franklin
000221	(882.875, 289.865)	Trevor
000222	(312.822, 215.370)	Michael
000222	(636.480, 289.908)	Franklin
000222	(882.876, 289.859)	Trevor
000223	(312.820, 215.355)	Michael
000223	(636.479, 289.882)	Franklin
000223	(882.876, 289.859)	Trevor
000224	(312.793, 215.342)	Michael
000224	(636.437, 289.910)	Franklin
000224	(882.883, 289.856)	Trevor
000225	(312.765, 215.420)	Michael
000225	(636.450, 289.906)	Franklin
000225	(882.880, 289.854)	Trevor
000226	(312.772, 218.075)	Michael
000226	(636.420, 289.914)	Franklin
000226	(882.884, 289.853)	Trevor
000227	(312.808, 218.099)	Michael
000227	(636.406, 289.908)	Franklin
000227	(882.892, 289.847)	Trevor
000228	(312.803, 215.421)	Michael
000228	(636.400, 289.913)	Franklin
000228	(882.891, 289.845)	Trevor
000229	(312.767, 215.387)	Michael
000229	(636.385, 289.914)	Franklin
000229	(882.891, 289.847)	Trevor
000230	(312.748, 215.394)	Michael
000230	(636.378, 289.915)	Franklin
000230	(882.895, 289.855)	Trevor
000231	(312.784, 215.406)	Michael
000231	(633.686, 289.922)	Franklin
000231	(882.893, 289.856)	Trevor
000232	(312.783, 215.443)	Michael
000232	(633.687, 289.923)	Franklin
000232	(882.888, 289.867)	Trevor
000233	(312.816, 215.436)	Michael
000233	(633.685, 289.923)	Franklin
000233	(882.887, 289.868)	Trevor
000234	(315.548, 215.323)	Michael
000234	(633.683, 289.925)	Franklin
000234	(882.885, 289.870)	Trevor
000235	(312.781, 215.358)	Michael
000235	(633.660, 289.925)	Franklin
000235	(882.886, 289.877)	Trevor
000236	(312.786, 215.368)	Michael
000236	(633.665, 289.923)	Franklin
000236	(882.889, 289.876)	Trevor
000237	(312.767, 215.403)	Michael
000237	(633.670, 289.921)	Franklin
000237	(882.891, 289.872)	Trevor
000238	(312.772, 215.453)	Michael
000238	(633.662, 289.924)	Franklin
000238	(882.895, 289.874)	Trevor
000239	(312.759, 218.131)	Michael
000239	(633.654, 289.921)	Franklin
000239	(882.894, 289.874)	Trevor
000240	(312.793, 215.463)	Michael
000240	(633.647, 289.940)	Franklin
000240	(882.888, 289.869)	Trevor
000241	(312.787, 215.451)	Michael
000241	(633.644, 289.940)	Franklin
000241	(882.886, 289.868)	Trevor
000242	(312.797, 218.135)	Michael
000242	(633.643, 292.632)	Franklin
000242	(882.884, 289.869)	Trevor
000243	(312.787, 218.225)	Michael
000243	(633.641, 292.640)	Franklin
000243	(882.887, 289.862)	Trevor
000244	(312.845, 218.149)	Michael
000244	(633.636, 292.646)	Franklin
000244	(882.892, 289.863)	Trevor
000245	(312.809, 218.075)	Michael
000245	(633.631, 292.635)	Franklin
000245	(882.895, 289.864)	Trevor
000246	(312.788, 215.444)	Michael
000246	(633.625, 292.635)	Franklin
000246	(882.891, 289.867)	Trevor
000247	(312.786, 215.444)	Michael
000247	(633.622, 292.638)	Franklin
000247	(882.880, 289.866)	Trevor
000248	(312.774, 215.440)	Michael
000248	(633.622, 292.635)	Franklin
000248	(882.871, 289.864)	Trevor
000249	(312.766, 218.186)	Michael
000249	(633.613, 292.633)	Franklin
000249	(882.867, 289.863)	Trevor
000250	(312.770, 218.157)	Michael
000250	(633.602, 292.638)	Franklin
000250	(882.862, 289.862)	Trevor
000251	(312.829, 218.119)	Michael
000251	(633.596, 292.635)	Franklin
000251	(882.859, 289.858)	Trevor
000252	(312.836, 218.093)	Michael
000252	(633.596, 292.643)	Franklin
000252	(882.852, 289.859)	Trevor
000253	(312.844, 215.412)	Michael
000253	(633.595, 292.639)	Franklin
000253	(882.850, 289.861)	Trevor
000254	(312.824, 215.437)	Michael
000254	(633.593, 292.645)	Franklin
000254	(882.850, 289.864)	Trevor
000255	(312.844, 218.089)	Michael
000255	(633.594, 292.649)	Franklin
000255	(882.843, 289.865)	Trevor
000256	(312.843, 218.108)	Michael
000256	(633.595, 292.653)	Franklin
000256	(882.836, 289.860)	Trevor
000257	(312.839, 215.418)	Michael
000257	(633.598, 292.654)	Franklin
000257	(882.830, 289.863)	Trevor
000258	(312.809, 215.379)	Michael
000258	(633.606, 292.651)	Franklin
000258	(882.825, 289.863)	Trevor
000259	(312.791, 215.382)	Michael
000259	(633.611, 292.649)	Franklin
000259	(882.822, 289.859)	Trevor
000260	(312.772, 215.390)	Michael
000260	(633.610, 292.654)	Franklin
000260	(882.818, 289.862)	Trevor
000261	(312.768, 215.421)	Michael
000261	(633.618, 292.647)	Franklin
000261	(882.814, 289.868)	Trevor
000262	(312.784, 215.446)	Michael
000262	(633.619, 292.662)	Franklin
000262	(882.813, 289.865)	Trevor
000263	(312.805, 218.109)	Michael
000263	(633.626, 292.669)	Franklin
000263	(882.814, 289.869)	Trevor
000264	(312.800, 215.399)	Michael
000264	(633.637, 292.679)	Franklin
000264	(882.803, 289.872)	Trevor
000265	(312.776, 215.372)	Michael
000265	(633.640, 292.674)	Franklin
000265	(882.804, 289.876)	Trevor
000266	(312.745, 215.394)	Michael
000266	(633.657, 292.661)	Franklin
000266	(882.807, 289.874)	Trevor
000267	(312.773, 215.399)	Michael
000267	(633.670, 292.660)	Franklin
000267	(882.807, 289.875)	Trevor
000268	(312.773, 215.436)	Michael
000268	(633.674, 292.640)	Franklin
000268	(882.806, 289.875)	Trevor
000269	(312.819, 215.443)	Michael
000269	(633.662, 292.637)	Franklin
000269	(882.798, 289.872)	Trevor
000270	(315.556, 215.310)	Michael
000270	(636.386, 289.941)	Franklin
000270	(882.782, 289.867)	Trevor
000271	(312.801, 215.358)	Michael
000271	(636.389, 289.939)	Franklin
000271	(882.730, 289.824)	Trevor
000272	(312.782, 215.373)	Michael
000272	(636.399, 289.936)	Franklin
000272	(882.691, 289.815)	Trevor
000273	(312.759, 215.411)	Michael
000273	(636.397, 289.936)	Franklin
000273	(882.692, 289.817)	Trevor
000274	(312.751, 215.468)	Michael
000274	(636.408, 289.932)	Franklin
000274	(882.711, 289.806)	Trevor
000275	(312.787, 218.140)	Michael
000275	(636.410, 289.932)	Franklin
000275	(882.736, 289.791)	Trevor
000276	(312.787, 218.102)	Michael
000276	(636.421, 289.932)	Franklin
000276	(882.771, 289.767)	Trevor
000277	(312.773, 218.079)	Michael
000277	(636.428, 289.936)	Franklin
000277	(882.820, 287.128)	Trevor
000278	(312.822, 218.117)	Michael
000278	(636.432, 289.933)	Franklin
000278	(882.946, 287.128)	Trevor
000279	(312.818, 218.241)	Michael
000279	(636.428, 289.928)	Franklin
000279	(885.610, 287.111)	Trevor
000280	(315.549, 218.127)	Michael
000280	(636.423, 289.932)	Franklin
000280	(885.611, 287.078)	Trevor
000281	(312.802, 215.461)	Michael
000281	(636.425, 289.937)	Franklin
000281	(885.596, 287.055)	Trevor
000282	(312.786, 215.421)	Michael
000282	(636.433, 289.938)	Franklin
000282	(882.867, 287.079)	Trevor
000283	(312.760, 215.461)	Michael
000283	(636.436, 292.642)	Franklin
000283	(882.818, 289.815)	Trevor
000284	(312.768, 215.471)	Michael
000284	(636.434, 292.646)	Franklin
000284	(882.653, 289.919)	Trevor
000285	(312.742, 218.176)	Michael
000285	(636.424, 292.645)	Franklin
000285	(879.871, 292.646)	Trevor
000286	(312.751, 218.168)	Michael
000286	(636.458, 289.937)	Franklin
000286	(877.028, 292.739)	Trevor
000287	(312.808, 218.100)	Michael
000287	(639.259, 289.896)	Franklin
000287	(865.658, 289.891)	Trevor
000288	(312.851, 218.112)	Michael
000288	(636.506, 289.894)	Franklin
000288	(862.699, 289.846)	Trevor
000289	(312.840, 215.407)	Michael
000289	(636.448, 289.906)	Franklin
000289	(859.822, 287.019)	Trevor
000290	(312.839, 215.420)	Michael
000290	(636.401, 289.926)	Franklin
000290	(856.977, 286.831)	Trevor
000291	(312.855, 218.098)	Michael
000291	(633.672, 289.901)	Franklin
000291	(854.160, 283.991)	Trevor
000292	(312.845, 218.118)	Michael
000292	(633.681, 289.901)	Franklin
000292	(845.544, 281.113)	Trevor
000293	(315.554, 215.466)	Michael
000293	(636.480, 289.916)	Franklin
000293	(839.839, 269.806)	Trevor
000294	(312.846, 215.422)	Michael
000294	(642.132, 289.920)	Franklin
000294	(837.064, 266.923)	Trevor
000295	(312.821, 215.392)	Michael
000295	(647.860, 289.923)	Franklin
000295	(836.892, 264.174)	Trevor
000296	(312.798, 215.374)	Michael
000296	(650.731, 289.887)	Franklin
000296	(834.124, 264.200)	Trevor
000297	(312.796, 215.425)	Michael
000297	(653.533, 292.707)	Franklin
000297	(833.910, 264.137)	Trevor
000298	(312.805, 215.456)	Michael
000298	(653.781, 295.519)	Franklin
000298	(822.632, 264.167)	Trevor
000299	(312.808, 218.104)	Michael
000299	(665.040, 298.444)	Franklin
000299	(816.922, 266.861)	Trevor
000300	(312.821, 215.387)	Michael
000300	(673.593, 301.296)	Franklin
000300	(814.071, 266.865)	Trevor
000301	(312.788, 215.358)	Michael
000301	(676.599, 298.453)	Franklin
000301	(811.270, 266.854)	Trevor
000302	(312.761, 215.371)	Michael
000302	(685.184, 298.363)	Franklin
000302	(811.055, 264.104)	Trevor
000303	(312.783, 215.389)	Michael
000303	(696.515, 295.547)	Franklin
000303	(805.390, 261.258)	Trevor
000304	(312.784, 215.421)	Michael
000304	(699.534, 289.891)	Franklin
000304	(793.988, 261.028)	Trevor
000305	(312.824, 215.428)	Michael
000305	(710.877, 287.007)	Franklin
000305	(788.359, 252.525)	Trevor
000306	(315.562, 215.304)	Michael
000306	(719.336, 284.166)	Franklin
000306	(788.103, 243.932)	Trevor
000307	(312.801, 215.352)	Michael
000307	(719.494, 284.095)	Franklin
000307	(779.595, 238.372)	Trevor
000308	(312.787, 215.366)	Michael
000308	(719.581, 284.136)	Franklin
000308	(768.341, 238.132)	Trevor
000309	(312.773, 215.398)	Michael
000309	(765.454, 229.670)	Trevor
000310	(312.786, 218.095)	Michael
000310	(765.221, 226.817)	Trevor
000311	(312.815, 218.127)	Michael
000311	(748.244, 229.608)	Trevor
000312	(312.786, 218.082)	Michael
000312	(745.241, 226.844)	Trevor
000313	(312.776, 215.457)	Michael
000313	(742.354, 232.484)	Trevor
000314	(312.793, 218.115)	Michael
000314	(736.642, 232.464)	Trevor
000315	(312.813, 218.197)	Michael
000315	(722.503, 232.451)	Trevor
000316	(312.825, 218.149)	Michael
000316	(719.602, 229.633)	Trevor
000316	(788.270, 281.231)	Franklin
000317	(312.777, 218.097)	Michael
000317	(713.714, 226.851)	Trevor
000317	(791.039, 281.229)	Franklin
000318	(312.802, 218.073)	Michael
000318	(699.613, 223.961)	Trevor
000318	(796.825, 278.293)	Franklin
000319	(312.772, 218.107)	Michael
000319	(699.398, 218.335)	Trevor
000319	(811.111, 272.612)	Franklin
000320	(312.773, 215.460)	Michael
000320	(693.760, 215.449)	Trevor
000320	(814.135, 269.763)	Franklin
000321	(312.746, 218.220)	Michael
000321	(687.968, 212.405)	Trevor
000321	(831.239, 264.138)	Franklin
000322	(312.746, 218.173)	Michael
000322	(682.324, 203.870)	Trevor
000322	(842.676, 261.298)	Franklin
000323	(312.801, 218.091)	Michael
000323	(679.406, 198.128)	Trevor
000323	(859.857, 258.337)	Franklin
000324	(312.850, 218.121)	Michael
000324	(676.676, 195.299)	Trevor
000324	(879.774, 249.737)	Franklin
000325	(312.834, 215.449)	Michael
000325	(676.456, 195.163)	Trevor
000325	(885.727, 241.174)	Franklin
000326	(312.846, 215.438)	Michael
000326	(673.803, 192.499)	Trevor
000326	(905.593, 238.287)	Franklin
000327	(315.550, 218.115)	Michael
000327	(673.798, 192.324)	Trevor
000327	(922.913, 238.300)	Franklin
000328	(312.842, 218.126)	Michael
000328	(673.730, 189.610)	Trevor
000328	(940.012, 241.029)	Franklin
000329	(312.831, 215.425)	Michael
000329	(673.633, 186.704)	Trevor
000329	(951.415, 238.375)	Franklin
000330	(312.831, 215.403)	Michael
000330	(673.661, 189.498)	Trevor
000330	(965.803, 240.997)	Franklin
000331	(312.820, 215.407)	Michael
000331	(673.715, 183.881)	Trevor
000331	(971.643, 241.042)	Franklin
000332	(312.800, 215.390)	Michael
000332	(673.729, 178.116)	Trevor
000332	(980.231, 241.023)	Franklin
000333	(312.807, 215.411)	Michael
000333	(673.698, 175.339)	Trevor
000333	(994.602, 241.014)	Franklin
000334	(1005.976, 238.130)	Franklin
000334	(312.804, 215.436)	Michael
000334	(673.614, 175.214)	Trevor
000335	(1020.359, 235.376)	Franklin
000335	(312.819, 218.090)	Michael
000335	(673.577, 175.218)	Trevor
000336	(1028.891, 221.182)	Franklin
000336	(312.816, 215.400)	Michael
000336	(673.578, 175.214)	Trevor
000337	(1040.400, 218.153)	Franklin
000337	(312.785, 215.396)	Michael
000337	(673.567, 172.533)	Trevor
000338	(1054.628, 215.334)	Franklin
000338	(312.743, 215.370)	Michael
000338	(673.510, 172.479)	Trevor
000339	(1063.312, 215.234)	Franklin
000339	(312.769, 215.372)	Michael
000339	(670.803, 172.517)	Trevor
000340	(1068.964, 209.637)	Franklin
000340	(312.759, 215.433)	Michael
000340	(670.772, 172.501)	Trevor
000341	(1086.254, 212.492)	Franklin
000341	(312.821, 215.448)	Michael
000341	(670.728, 175.206)	Trevor
000342	(1091.854, 209.646)	Franklin
000342	(315.553, 215.299)	Michael
000342	(670.688, 175.267)	Trevor
000343	(1100.444, 209.534)	Franklin
000343	(312.813, 215.370)	Michael
000343	(667.930, 175.318)	Trevor
000344	(1106.253, 203.900)	Franklin
000344	(312.792, 215.372)	Michael
000344	(667.890, 175.309)	Trevor
000345	(1109.203, 201.087)	Franklin
000345	(312.782, 215.434)	Michael
000345	(665.091, 175.319)	Trevor
000346	(1109.148, 201.000)	Franklin
000346	(312.768, 218.084)	Michael
000346	(662.262, 175.358)	Trevor
000347	(1109.068, 198.259)	Franklin
000347	(312.789, 218.085)	Michael
000347	(665.031, 175.354)	Trevor
000348	(1109.106, 200.984)	Franklin
000348	(312.805, 215.471)	Michael
000348	(662.256, 178.075)	Trevor
000349	(1109.193, 201.037)	Franklin
000349	(312.787, 215.442)	Michael
000349	(662.251, 178.067)	Trevor
000350	(1109.176, 203.835)	Franklin
000350	(312.794, 215.468)	Michael
000350	(662.225, 178.066)	Trevor
000351	(1111.891, 203.909)	Franklin
000351	(312.800, 218.177)	Michael
000351	(662.223, 178.055)	Trevor
000352	(1112.079, 206.795)	Franklin
000352	(312.814, 218.097)	Michael
000352	(662.181, 178.061)	Trevor
000353	(1117.643, 209.585)	Franklin
000353	(312.806, 215.459)	Michael
000353	(662.167, 178.083)	Trevor
000354	(1117.672, 209.643)	Franklin
000354	(312.799, 215.422)	Michael
000354	(662.163, 178.058)	Trevor
000355	(1117.695, 209.648)	Franklin
000355	(312.780, 215.448)	Michael
000355	(662.171, 175.342)	Trevor
000356	(1117.643, 212.362)	Franklin
000356	(312.773, 215.456)	Michael
000356	(662.160, 175.320)	Trevor
000357	(1114.923, 209.656)	Franklin
000357	(312.756, 218.175)	Michael
000357	(662.163, 175.313)	Trevor
000358	(1114.854, 209.581)	Franklin
000358	(312.739, 218.154)	Michael
000358	(659.420, 175.317)	Trevor
000359	(1114.785, 209.600)	Franklin
000359	(312.797, 218.105)	Michael
000359	(659.412, 175.313)	Trevor
000360	(1111.949, 212.404)	Franklin
000360	(312.853, 218.117)	Michael
000360	(659.406, 175.309)	Trevor
000361	(1109.125, 212.401)	Franklin
000361	(312.855, 215.426)	Michael
000361	(659.366, 175.348)	Trevor
000362	(1109.014, 212.470)	Franklin
000362	(312.842, 215.412)	Michael
000362	(659.354, 178.104)	Trevor
000363	(1103.275, 212.460)	Franklin
000363	(312.854, 215.472)	Michael
000363	(656.563, 178.175)	Trevor
000364	(1094.832, 212.483)	Franklin
000364	(312.833, 218.111)	Michael
000364	(656.422, 180.930)	Trevor
000365	(1094.722, 212.504)	Franklin
000365	(315.556, 215.393)	Michael
000365	(653.670, 180.968)	Trevor
000366	(1091.933, 212.502)	Franklin
000366	(312.828, 215.387)	Michael
000366	(653.512, 183.785)	Trevor
000367	(1091.844, 212.472)	Franklin
000367	(312.821, 215.367)	Michael
000367	(650.793, 186.672)	Trevor
000368	(1089.188, 212.443)	Franklin
000368	(312.789, 215.354)	Michael
000368	(650.679, 189.451)	Trevor
000369	(1091.834, 212.414)	Franklin
000369	(312.795, 215.365)	Michael
000369	(650.610, 189.550)	Trevor
000370	(1091.888, 212.425)	Franklin
000370	(312.810, 215.409)	Michael
000370	(650.619, 189.506)	Trevor
000371	(1091.928, 212.434)	Franklin
000371	(312.821, 218.084)	Michael
000371	(650.619, 189.554)	Trevor
000372	(1094.788, 212.424)	Franklin
000372	(312.819, 215.400)	Michael
000372	(650.627, 189.493)	Trevor
000373	(1100.485, 212.472)	Franklin
000373	(312.772, 215.357)	Michael
000373	(650.674, 189.491)	Trevor
000374	(1106.157, 212.440)	Franklin
000374	(312.747, 215.393)	Michael
000374	(650.783, 189.570)	Trevor
000375	(1108.986, 209.627)	Franklin
000375	(312.770, 215.394)	Michael
000375	(650.822, 189.585)	Trevor
000376	(1109.132, 206.760)	Franklin
000376	(312.766, 215.449)	Michael
000376	(653.668, 189.560)	Trevor
000377	(1111.979, 209.531)	Franklin
000377	(312.807, 215.443)	Michael
000377	(653.760, 189.587)	Trevor
000378	(1114.805, 206.744)	Franklin
000378	(312.835, 215.332)	Michael
000378	(656.570, 189.597)	Trevor
000379	(1117.679, 206.775)	Franklin
000379	(312.792, 215.397)	Michael
000379	(662.254, 189.554)	Trevor
000380	(1117.715, 206.768)	Franklin
000380	(312.778, 215.388)	Michael
000380	(670.713, 189.569)	Trevor
000381	(1117.639, 206.763)	Franklin
000381	(312.765, 215.433)	Michael
000381	(670.856, 189.564)	Trevor
000382	(1114.825, 209.542)	Franklin
000382	(312.774, 218.084)	Michael
000382	(673.616, 189.486)	Trevor
000383	(1112.034, 203.932)	Franklin
000383	(312.796, 218.134)	Michael
000383	(673.743, 189.483)	Trevor
000384	(1111.986, 203.933)	Franklin
000384	(312.775, 218.089)	Michael
000384	(676.563, 189.454)	Trevor
000385	(1109.102, 212.405)	Franklin
000385	(312.779, 215.461)	Michael
000385	(676.695, 189.433)	Trevor
000386	(1109.037, 212.401)	Franklin
000386	(312.800, 218.109)	Michael
000386	(679.391, 186.689)	Trevor
000387	(1109.010, 212.391)	Franklin
000387	(312.823, 218.216)	Michael
000387	(679.367, 186.709)	Trevor
000388	(1106.259, 212.388)	Franklin
000388	(312.826, 218.132)	Michael
000388	(679.386, 186.703)	Trevor
000389	(1106.231, 212.401)	Franklin
000389	(312.802, 218.073)	Michael
000389	(679.394, 186.637)	Trevor
000390	(1106.164, 212.403)	Franklin
000390	(312.800, 215.433)	Michael
000390	(679.364, 186.639)	Trevor
000391	(1103.388, 212.362)	Franklin
000391	(312.773, 215.441)	Michael
000391	(676.676, 186.622)	Trevor
000392	(1103.299, 212.357)	Franklin
000392	(312.780, 215.440)	Michael
000392	(676.567, 186.672)	Trevor
000393	(1100.519, 209.655)	Franklin
000393	(312.759, 218.162)	Michael
000393	(673.773, 186.643)	Trevor
000394	(1100.497, 209.653)	Franklin
000394	(312.731, 218.125)	Michael
000394	(673.567, 186.736)	Trevor
000395	(1100.457, 212.373)	Franklin
000395	(312.805, 218.096)	Michael
000395	(670.825, 189.490)	Trevor
000396	(1100.483, 212.360)	Franklin
000396	(312.840, 218.134)	Michael
000396	(670.704, 189.476)	Trevor
000397	(1100.524, 212.385)	Franklin
000397	(315.554, 215.416)	Michael
000397	(659.343, 189.526)	Trevor
000398	(1106.090, 212.422)	Franklin
000398	(312.841, 215.419)	Michael
000398	(656.453, 189.490)	Trevor
000399	(1106.227, 212.441)	Franklin
000399	(312.849, 218.090)	Michael
000399	(653.688, 189.505)	Trevor
000400	(1108.956, 212.408)	Franklin
000400	(312.827, 218.123)	Michael
000400	(650.879, 189.493)	Trevor
000401	(1109.005, 212.425)	Franklin
000401	(312.841, 215.421)	Michael
000401	(650.794, 189.504)	Trevor
000402	(1109.133, 212.385)	Franklin
000402	(312.857, 215.385)	Michael
000402	(650.733, 189.468)	Trevor
000403	(1111.836, 209.653)	Franklin
000403	(312.807, 215.351)	Michael
000403	(650.709, 189.471)	Trevor
000404	(1111.953, 209.603)	Franklin
000404	(312.781, 215.373)	Michael
000404	(650.633, 189.429)	Trevor
000405	(1112.089, 209.603)	Franklin
000405	(312.783, 215.396)	Michael
000405	(650.592, 186.741)	Trevor
000406	(1114.902, 209.591)	Franklin
000406	(312.812, 215.405)	Michael
000406	(650.587, 189.468)	Trevor
000407	(1120.489, 209.621)	Franklin
000407	(312.800, 218.090)	Michael
000407	(647.835, 189.447)	Trevor
000408	(1123.410, 209.632)	Franklin
000408	(312.810, 215.433)	Michael
000408	(647.820, 189.489)	Trevor
000409	(1129.044, 209.635)	Franklin
000409	(312.785, 215.390)	Michael
000409	(647.773, 189.491)	Trevor
000410	(1129.133, 212.363)	Franklin
000410	(312.755, 215.392)	Michael
000410	(645.034, 189.478)	Trevor
000411	(1131.847, 212.358)	Franklin
000411	(312.770, 215.397)	Michael
000411	(644.956, 189.472)	Trevor
000412	(1131.880, 209.659)	Franklin
000412	(312.762, 215.431)	Michael
000412	(642.195, 189.475)	Trevor
000413	(1131.871, 209.635)	Franklin
000413	(312.819, 215.429)	Michael
000413	(642.177, 189.484)	Trevor
000414	(1131.865, 209.647)	Franklin
000414	(315.562, 215.312)	Michael
000414	(642.153, 189.509)	Trevor
000415	(1131.878, 209.632)	Franklin
000415	(312.807, 215.346)	Michael
000415	(642.166, 189.524)	Trevor
000416	(1131.876, 209.649)	Franklin
000416	(312.792, 215.371)	Michael
000416	(645.031, 189.518)	Trevor
000417	(1131.846, 212.357)	Franklin
000417	(312.800, 215.414)	Michael
000417	(647.805, 189.500)	Trevor
000418	(1129.165, 212.362)	Franklin
000418	(312.822, 215.453)	Michael
000418	(647.888, 189.525)	Trevor
000419	(1129.113, 209.648)	Franklin
000419	(312.807, 218.104)	Michael
000419	(650.610, 189.480)	Trevor
000420	(1126.299, 209.643)	Franklin
000420	(312.802, 218.084)	Michael
000420	(650.689, 189.501)	Trevor
000421	(1126.191, 209.576)	Franklin
000421	(312.782, 215.445)	Michael
000421	(650.765, 189.504)	Trevor
000422	(1120.565, 209.607)	Franklin
000422	(312.789, 218.089)	Michael
000422	(653.506, 186.742)	Trevor
000423	(1117.722, 209.634)	Franklin
000423	(312.820, 218.194)	Michael
000423	(653.673, 189.478)	Trevor
000424	(1114.913, 209.623)	Franklin
000424	(312.839, 218.124)	Michael
000424	(653.763, 189.476)	Trevor
000425	(1114.833, 209.609)	Franklin
000425	(312.801, 218.073)	Michael
000425	(656.463, 189.508)	Trevor
000426	(1114.819, 209.581)	Franklin
000426	(312.795, 215.437)	Michael
000426	(659.340, 189.530)	Trevor
000427	(1114.785, 209.554)	Franklin
000427	(312.777, 215.427)	Michael
000427	(662.253, 189.525)	Trevor
000428	(1112.088, 209.550)	Franklin
000428	(312.777, 215.463)	Michael
000428	(667.927, 189.535)	Trevor
000429	(1112.061, 209.601)	Franklin
000429	(312.756, 218.191)	Michael
000429	(670.722, 189.539)	Trevor
000430	(1112.051, 209.604)	Franklin
000430	(312.740, 218.124)	Michael
000430	(670.738, 189.503)	Trevor
000431	(1112.053, 209.615)	Franklin
000431	(312.817, 215.467)	Michael
000431	(670.723, 189.502)	Trevor
000432	(1112.059, 209.614)	Franklin
000432	(315.553, 218.125)	Michael
000432	(670.683, 189.534)	Trevor
000433	(1112.040, 209.631)	Franklin
000433	(315.565, 215.430)	Michael
000433	(667.964, 189.555)	Trevor
000434	(1112.028, 209.618)	Franklin
000434	(312.849, 215.424)	Michael
000434	(667.971, 189.570)	Trevor
000435	(1112.017, 209.602)	Franklin
000435	(312.845, 218.084)	Michael
000435	(667.981, 189.583)	Trevor
000436	(1112.038, 209.581)	Franklin
000436	(315.548, 218.092)	Michael
000436	(667.958, 189.605)	Trevor
000437	(1112.073, 209.581)	Franklin
000437	(312.851, 215.449)	Michael
000437	(667.859, 189.552)	Trevor
000438	(1112.087, 209.578)	Franklin
000438	(312.816, 215.367)	Michael
000438	(662.269, 189.554)	Trevor
000439	(1112.099, 209.561)	Franklin
000439	(312.814, 215.315)	Michael
000439	(659.382, 189.563)	Trevor
000440	(1114.767, 209.538)	Franklin
000440	(312.800, 215.315)	Michael
000440	(659.297, 189.515)	Trevor
000441	(1114.780, 206.776)	Franklin
000441	(312.797, 215.341)	Michael
000441	(656.471, 189.448)	Trevor
000442	(1114.774, 206.771)	Franklin
000442	(312.816, 215.377)	Michael
000442	(656.449, 186.712)	Trevor
000443	(1114.774, 206.755)	Franklin
000443	(312.824, 215.461)	Michael
000443	(653.765, 186.680)	Trevor
000444	(1114.785, 206.735)	Franklin
000444	(312.843, 215.425)	Michael
000444	(653.730, 186.685)	Trevor
000445	(1114.770, 206.725)	Franklin
000445	(312.789, 215.380)	Michael
000445	(653.662, 186.711)	Trevor
000446	(1114.770, 206.708)	Franklin
000446	(312.769, 215.399)	Michael
000446	(653.649, 186.720)	Trevor
000447	(1114.768, 206.708)	Franklin
000447	(312.754, 215.372)	Michael
000447	(653.632, 186.725)	Trevor
000448	(1114.768, 206.718)	Franklin
000448	(312.761, 215.405)	Michael
000448	(653.625, 186.734)	Trevor
000449	(1112.107, 206.760)	Franklin
000449	(312.803, 215.424)	Michael
000449	(653.625, 186.736)	Trevor
000450	(1112.107, 206.775)	Franklin
000450	(315.557, 215.287)	Michael
000450	(653.624, 186.731)	Trevor
000451	(1112.101, 206.786)	Franklin
000451	(312.813, 215.332)	Michael
000451	(653.632, 189.435)	Trevor
000452	(1112.095, 206.773)	Franklin
000452	(312.809, 215.364)	Michael
000452	(653.663, 189.446)	Trevor
000453	(1112.088, 206.766)	Franklin
000453	(312.796, 215.401)	Michael
000453	(653.686, 189.447)	Trevor
000454	(1112.081, 206.758)	Franklin
000454	(312.806, 215.432)	Michael
000454	(653.711, 189.454)	Trevor
000455	(1112.079, 206.756)	Franklin
000455	(312.815, 218.086)	Michael
000455	(653.749, 186.731)	Trevor
000456	(1112.083, 206.769)	Franklin
000456	(312.822, 215.465)	Michael
000456	(653.778, 186.725)	Trevor
000457	(1112.068, 206.775)	Franklin
000457	(312.799, 215.421)	Michael
000457	(653.771, 186.720)	Trevor
000458	(1112.064, 206.770)	Franklin
000458	(312.805, 215.467)	Michael
000458	(653.768, 186.722)	Trevor
000459	(1112.067, 206.777)	Franklin
000459	(312.814, 218.180)	Michael
000459	(653.762, 186.726)	Trevor
000460	(1112.048, 206.771)	Franklin
000460	(312.853, 218.081)	Michael
000460	(653.766, 186.725)	Trevor
000461	(1112.017, 206.753)	Franklin
000461	(312.819, 215.446)	Michael
000461	(653.758, 186.705)	Trevor
000462	(1111.984, 206.762)	Franklin
000462	(312.812, 215.403)	Michael
000462	(653.754, 186.689)	Trevor
000463	(1111.968, 206.743)	Franklin
000463	(312.804, 215.416)	Michael
000463	(653.758, 186.706)	Trevor
000464	(1111.940, 206.746)	Franklin
000464	(312.794, 215.430)	Michael
000464	(653.760, 186.693)	Trevor
000465	(1111.948, 206.771)	Franklin
000465	(312.784, 218.177)	Michael
000465	(653.741, 186.688)	Trevor
000466	(1111.941, 206.742)	Franklin
000466	(312.765, 218.111)	Michael
000466	(653.699, 186.693)	Trevor
000467	(1111.922, 206.733)	Franklin
000467	(312.828, 215.468)	Michael
000467	(653.688, 186.667)	Trevor
000468	(1111.898, 206.719)	Franklin
000468	(315.549, 218.118)	Michael
000468	(653.689, 186.659)	Trevor
000469	(1111.898, 206.733)	Franklin
000469	(315.559, 215.434)	Michael
000469	(653.684, 186.656)	Trevor
000470	(1111.906, 206.761)	Franklin
000470	(312.851, 215.468)	Michael
000470	(653.725, 186.647)	Trevor
000471	(1111.912, 206.755)	Franklin
000471	(315.563, 218.102)	Michael
000471	(653.740, 186.635)	Trevor
000472	(1111.911, 206.760)	Franklin
000472	(315.553, 218.075)	Michael
000472	(653.740, 186.643)	Trevor
000473	(1111.920, 206.758)	Franklin
000473	(312.852, 215.409)	Michael
000473	(653.773, 186.619)	Trevor
000474	(1111.930, 206.769)	Franklin
000474	(312.836, 215.344)	Michael
000474	(653.784, 186.619)	Trevor
000475	(1111.952, 206.781)	Franklin
000475	(312.815, 215.339)	Michael
000475	(656.431, 183.850)	Trevor
000476	(1111.968, 206.792)	Franklin
000476	(312.793, 215.329)	Michael
000476	(656.450, 183.854)	Trevor
000477	(1111.981, 206.792)	Franklin
000477	(312.808, 215.354)	Michael
000477	(656.449, 183.855)	Trevor
000478	(1111.999, 209.538)	Franklin
000478	(312.834, 215.392)	Michael
000478	(656.447, 183.848)	Trevor
000479	(1112.012, 206.789)	Franklin
000479	(312.819, 218.079)	Michael
000479	(656.448, 183.836)	Trevor
000480	(1112.021, 209.550)	Franklin
000480	(312.853, 215.415)	Michael
000480	(656.440, 183.839)	Trevor
000481	(1112.015, 209.542)	Franklin
000481	(312.814, 215.347)	Michael
000481	(656.447, 183.842)	Trevor
000482	(1112.013, 209.532)	Franklin
000482	(312.769, 215.378)	Michael
000482	(656.452, 183.851)	Trevor
000483	(1112.016, 206.781)	Franklin
000483	(312.764, 215.362)	Michael
000483	(656.453, 183.861)	Trevor
000484	(1112.011, 206.768)	Franklin
000484	(312.769, 215.412)	Michael
000484	(656.450, 183.857)	Trevor
000485	(1112.002, 206.756)	Franklin
000485	(312.795, 215.418)	Michael
000485	(656.456, 183.878)	Trevor
000486	(1112.004, 206.747)	Franklin
000486	(312.832, 215.298)	Michael
000486	(656.459, 186.616)	Trevor
000487	(1112.010, 206.734)	Franklin
000487	(312.806, 215.312)	Michael
000487	(656.464, 186.639)	Trevor
000488	(1112.013, 206.739)	Franklin
000488	(312.791, 215.356)	Michael
000488	(656.462, 186.643)	Trevor
000489	(1112.008, 206.726)	Franklin
000489	(312.792, 215.365)	Michael
000489	(656.457, 186.659)	Trevor
000490	(1112.009, 206.711)	Franklin
000490	(312.798, 215.402)	Michael
000490	(656.454, 186.658)	Trevor
000491	(1112.006, 206.702)	Franklin
000491	(312.807, 218.099)	Michael
000491	(656.463, 186.674)	Trevor
000492	(1112.005, 206.704)	Franklin
000492	(312.823, 215.469)	Michael
000492	(656.455, 186.662)	Trevor
000493	(1112.004, 206.691)	Franklin
000493	(312.786, 215.423)	Michael
000493	(656.446, 186.676)	Trevor
000494	(1112.010, 203.925)	Franklin
000494	(312.790, 218.089)	Michael
000494	(656.440, 186.686)	Trevor
000495	(1112.013, 203.924)	Franklin
000495	(312.813, 218.170)	Michael
000495	(656.437, 186.694)	Trevor
000496	(1112.008, 203.913)	Franklin
000496	(312.835, 218.096)	Michael
000496	(656.444, 186.701)	Trevor
000497	(1112.003, 203.909)	Franklin
000497	(312.798, 215.409)	Michael
000497	(656.437, 186.711)	Trevor
000498	(1111.986, 203.911)	Franklin
000498	(312.792, 215.411)	Michael
000498	(656.427, 186.721)	Trevor
000499	(1111.976, 203.894)	Franklin
000499	(312.788, 215.402)	Michael
000499	(656.426, 186.721)	Trevor
000500	(1111.977, 203.879)	Franklin
000500	(312.779, 215.449)	Michael
000500	(656.425, 186.734)	Trevor
000501	(1111.978, 203.890)	Franklin
000501	(312.768, 218.170)	Michael
000501	(653.770, 189.438)	Trevor
000502	(1111.963, 203.913)	Franklin
000502	(312.762, 218.111)	Michael
000502	(653.769, 189.440)	Trevor
000503	(1111.969, 203.909)	Franklin
000503	(312.832, 218.072)	Michael
000503	(653.761, 189.443)	Trevor
000504	(1111.958, 203.932)	Franklin
000504	(315.573, 218.092)	Michael
000504	(653.753, 189.443)	Trevor
000505	(1111.951, 203.925)	Franklin
000505	(315.559, 215.417)	Michael
000505	(653.766, 189.441)	Trevor
000506	(1111.936, 203.916)	Franklin
000506	(312.848, 215.407)	Michael
000506	(653.775, 189.444)	Trevor
000507	(1111.926, 203.909)	Franklin
000507	(315.548, 215.461)	Michael
000507	(656.431, 189.448)	Trevor
000508	(1111.918, 203.928)	Franklin
000508	(315.563, 218.094)	Michael
000508	(656.454, 189.443)	Trevor
000509	(1111.902, 203.913)	Franklin
000509	(315.553, 215.411)	Michael
000509	(656.432, 189.465)	Trevor
000510	(1111.899, 206.704)	Franklin
000510	(312.825, 215.390)	Michael
000510	(653.787, 189.444)	Trevor
000511	(1111.852, 203.933)	Franklin
000511	(312.843, 215.350)	Michael
000511	(653.773, 186.740)	Trevor
000512	(1111.858, 206.723)	Franklin
000512	(312.806, 215.358)	Michael
000512	(653.778, 186.714)	Trevor
000513	(1111.825, 206.719)	Franklin
000513	(312.805, 215.376)	Michael
000513	(653.764, 186.685)	Trevor
000514	(1111.817, 206.719)	Franklin
000514	(312.831, 215.407)	Michael
000514	(653.757, 186.686)	Trevor
000575	(306.858, 378.751)	Michael
000575	(647.856, 284.169)	Franklin
000575	(897.126, 286.835)	Trevor
000576	(306.840, 378.682)	Michael
000576	(645.056, 284.104)	Franklin
000576	(894.235, 286.824)	Trevor
000577	(306.849, 378.715)	Michael
000577	(645.021, 284.152)	Franklin
000577	(888.523, 286.848)	Trevor
000578	(306.882, 378.709)	Michael
000578	(639.346, 286.819)	Franklin
000578	(885.748, 286.907)	Trevor
000579	(306.870, 378.745)	Michael
000579	(636.469, 286.841)	Franklin
000579	(885.677, 286.952)	Trevor
000580	(306.885, 378.745)	Michael
000580	(636.388, 286.934)	Franklin
000580	(882.941, 286.949)	Trevor
000581	(306.844, 378.742)	Michael
000581	(633.628, 286.992)	Franklin
000581	(882.894, 286.971)	Trevor
000582	(306.844, 378.757)	Michael
000582	(630.836, 287.033)	Franklin
000582	(882.704, 286.945)	Trevor
000583	(304.140, 378.770)	Michael
000583	(630.756, 286.987)	Franklin
000583	(882.664, 286.981)	Trevor
000584	(304.121, 378.765)	Michael
000584	(630.601, 286.936)	Franklin
000584	(880.040, 287.037)	Trevor
000585	(304.185, 378.759)	Michael
000585	(630.566, 286.928)	Franklin
000585	(879.999, 287.066)	Trevor
000586	(304.187, 381.443)	Michael
000586	(630.569, 286.951)	Franklin
000586	(879.960, 287.080)	Trevor
000587	(304.152, 378.744)	Michael
000587	(627.940, 286.912)	Franklin
000587	(879.919, 287.032)	Trevor
000588	(304.184, 378.776)	Michael
000588	(627.877, 286.917)	Franklin
000588	(879.891, 287.011)	Trevor
000589	(306.842, 378.754)	Michael
000589	(627.847, 286.928)	Franklin
000589	(879.879, 287.025)	Trevor
000590	(306.873, 378.733)	Michael
000590	(627.832, 286.945)	Franklin
000590	(879.883, 287.033)	Trevor
000591	(306.855, 378.709)	Michael
000591	(627.835, 286.967)	Franklin
000591	(879.877, 287.000)	Trevor
000592	(306.853, 378.720)	Michael
000592	(627.838, 286.921)	Franklin
000592	(879.875, 287.055)	Trevor
000593	(304.197, 378.729)	Michael
000593	(627.861, 286.966)	Franklin
000593	(879.904, 289.773)	Trevor
000594	(306.853, 378.765)	Michael
000594	(627.849, 286.994)	Franklin
000594	(879.922, 289.822)	Trevor
000595	(306.844, 378.767)	Michael
000595	(627.899, 287.061)	Franklin
000595	(879.983, 289.883)	Trevor
000596	(304.183, 378.785)	Michael
000596	(627.889, 289.828)	Franklin
000596	(879.976, 289.938)	Trevor
000597	(304.180, 381.440)	Michael
000597	(627.905, 289.845)	Franklin
000597	(880.010, 289.878)	Trevor
000598	(304.181, 378.757)	Michael
000598	(627.923, 289.894)	Franklin
000598	(882.675, 289.873)	Trevor
000599	(304.192, 378.745)	Michael
000599	(627.952, 292.647)	Franklin
000599	(882.734, 287.118)	Trevor
000600	(304.166, 378.686)	Michael
000600	(630.607, 289.884)	Franklin
000600	(882.835, 287.018)	Trevor
000601	(304.150, 378.739)	Michael
000601	(630.645, 289.774)	Franklin
000601	(882.835, 286.947)	Trevor
000602	(304.166, 378.756)	Michael
000602	(630.705, 287.086)	Franklin
000602	(882.882, 286.921)	Trevor
000603	(306.842, 378.749)	Michael
000603	(630.758, 287.025)	Franklin
000603	(882.953, 286.914)	Trevor
000604	(306.851, 378.734)	Michael
000604	(630.855, 286.944)	Franklin
000604	(885.697, 286.847)	Trevor
000605	(306.858, 378.773)	Michael
000605	(633.567, 286.882)	Franklin
000605	(888.501, 286.868)	Trevor
000606	(306.854, 378.753)	Michael
000606	(633.628, 286.819)	Franklin
000606	(888.582, 286.922)	Trevor
000607	(306.847, 381.428)	Michael
000607	(636.386, 286.875)	Franklin
000607	(894.237, 287.028)	Trevor
000608	(304.185, 378.790)	Michael
000608	(636.480, 286.981)	Franklin
000608	(897.091, 287.109)	Trevor
000609	(304.187, 381.452)	Michael
000609	(642.134, 286.997)	Franklin
000609	(899.937, 289.876)	Trevor
000610	(306.846, 381.424)	Michael
000610	(644.988, 289.779)	Franklin
000610	(899.980, 292.660)	Trevor
000611	(306.848, 381.431)	Michael
000611	(647.847, 289.893)	Franklin
000611	(900.010, 298.372)	Trevor
000612	(304.191, 378.767)	Michael
000612	(650.601, 295.547)	Franklin
000612	(902.715, 301.258)	Trevor
000613	(306.838, 378.787)	Michael
000613	(650.660, 298.424)	Franklin
000613	(902.746, 301.314)	Trevor
000614	(306.872, 378.774)	Michael
000614	(650.719, 301.237)	Franklin
000614	(902.787, 304.046)	Trevor
000615	(306.889, 378.744)	Michael
000615	(650.763, 304.057)	Franklin
000615	(902.838, 304.014)	Trevor
000616	(306.872, 378.757)	Michael
000616	(650.780, 304.063)	Franklin
000616	(902.907, 301.222)	Trevor
000617	(304.190, 378.738)	Michael
000617	(650.802, 304.020)	Franklin
000617	(902.846, 295.577)	Trevor
000618	(304.201, 378.748)	Michael
000618	(650.812, 301.204)	Franklin
000618	(902.788, 292.707)	Trevor
000619	(304.153, 378.761)	Michael
000619	(650.810, 295.597)	Franklin
000619	(902.783, 289.836)	Trevor
000620	(304.090, 378.762)	Michael
000620	(650.777, 289.904)	Franklin
000620	(902.738, 287.128)	Trevor
000621	(304.155, 378.727)	Michael
000621	(650.698, 287.121)	Franklin
000621	(902.689, 287.012)	Trevor
000622	(304.174, 378.778)	Michael
000622	(650.638, 287.006)	Franklin
000622	(900.007, 286.929)	Trevor
000623	(304.131, 378.698)	Michael
000623	(650.571, 286.874)	Franklin
000623	(899.952, 286.870)	Trevor
000624	(304.169, 378.750)	Michael
000624	(647.870, 284.213)	Franklin
000624	(899.842, 286.821)	Trevor
000625	(306.834, 378.730)	Michael
000625	(647.776, 284.116)	Franklin
000625	(894.213, 286.836)	Trevor
000626	(306.877, 378.700)	Michael
000626	(645.000, 284.165)	Franklin
000626	(888.543, 286.866)	Trevor
000627	(306.858, 378.701)	Michael
000627	(639.285, 286.854)	Franklin
000627	(888.467, 286.901)	Trevor
000628	(306.860, 378.725)	Michael
000628	(636.458, 286.866)	Franklin
000628	(885.690, 286.957)	Trevor
000629	(304.193, 378.747)	Michael
000629	(633.648, 286.982)	Franklin
000629	(885.587, 286.973)	Trevor
000630	(304.172, 378.781)	Michael
000630	(633.581, 287.024)	Franklin
000630	(882.884, 286.971)	Trevor
000631	(304.182, 378.789)	Michael
000631	(630.786, 287.058)	Franklin
000631	(882.773, 286.998)	Trevor
000632	(304.172, 381.442)	Michael
000632	(630.728, 287.019)	Franklin
000632	(882.652, 287.001)	Trevor
000633	(304.146, 381.464)	Michael
000633	(630.588, 286.953)	Franklin
000633	(880.029, 287.024)	Trevor
000634	(304.140, 378.786)	Michael
000634	(627.964, 286.944)	Franklin
000634	(879.999, 287.068)	Trevor
000635	(304.174, 378.740)	Michael
000635	(627.958, 286.944)	Franklin
000635	(879.929, 287.055)	Trevor
000636	(304.168, 378.693)	Michael
000636	(627.926, 286.938)	Franklin
000636	(879.904, 287.028)	Trevor
000637	(304.146, 378.735)	Michael
000637	(627.873, 286.903)	Franklin
000637	(879.897, 286.998)	Trevor
000638	(304.168, 378.727)	Michael
000638	(627.849, 286.903)	Franklin
000638	(879.888, 287.009)	Trevor
000639	(304.191, 378.744)	Michael
000639	(627.848, 286.929)	Franklin
000639	(879.886, 287.002)	Trevor
000640	(304.196, 378.729)	Michael
000640	(627.843, 286.958)	Franklin
000640	(879.859, 287.005)	Trevor
000641	(306.855, 378.780)	Michael
000641	(627.843, 286.906)	Franklin
000641	(879.865, 287.043)	Trevor
000642	(306.864, 378.754)	Michael
000642	(627.870, 286.950)	Franklin
000642	(879.909, 287.127)	Trevor
000643	(306.860, 378.778)	Michael
000643	(627.851, 286.974)	Franklin
000643	(879.923, 289.823)	Trevor
000644	(304.184, 378.763)	Michael
000644	(627.912, 287.048)	Franklin
000644	(879.981, 289.887)	Trevor
000645	(304.195, 381.454)	Michael
000645	(627.893, 289.838)	Franklin
000645	(879.984, 289.939)	Trevor
000646	(306.846, 381.447)	Michael
000646	(627.909, 289.863)	Franklin
000646	(880.031, 289.932)	Trevor
000647	(306.849, 378.785)	Michael
000647	(627.935, 289.912)	Franklin
000647	(882.678, 289.874)	Trevor
000648	(306.847, 378.738)	Michael
000648	(627.952, 292.661)	Franklin
000648	(882.722, 287.116)	Trevor
000649	(306.853, 378.763)	Michael
000649	(630.604, 289.909)	Franklin
000649	(882.819, 287.012)	Trevor
000650	(306.868, 378.779)	Michael
000650	(630.647, 289.823)	Franklin
000650	(882.826, 286.958)	Trevor
000651	(306.880, 378.753)	Michael
000651	(630.687, 287.106)	Franklin
000651	(882.861, 286.907)	Trevor
000652	(306.878, 378.757)	Michael
000652	(630.749, 287.013)	Franklin
000652	(882.931, 286.911)	Trevor
000653	(304.185, 378.726)	Michael
000653	(630.865, 286.920)	Franklin
000653	(885.675, 286.861)	Trevor
000654	(304.178, 378.757)	Michael
000654	(633.553, 286.870)	Franklin
000654	(888.476, 286.855)	Trevor
000655	(304.125, 378.777)	Michael
000655	(633.626, 286.839)	Franklin
000655	(888.581, 286.938)	Trevor
000656	(304.095, 378.780)	Michael
000656	(636.408, 286.901)	Franklin
000656	(894.261, 287.022)	Trevor
000657	(304.160, 378.730)	Michael
000657	(636.493, 286.966)	Franklin
000657	(897.121, 287.118)	Trevor
000658	(304.179, 378.771)	Michael
000658	(642.130, 286.989)	Franklin
000658	(899.934, 289.867)	Trevor
000659	(304.140, 378.719)	Michael
000659	(644.968, 289.763)	Franklin
000659	(899.983, 292.660)	Trevor
000660	(304.177, 378.736)	Michael
000660	(647.877, 289.885)	Franklin
000660	(900.016, 298.412)	Trevor
000661	(304.200, 378.711)	Michael
000661	(650.605, 295.520)	Franklin
000661	(902.714, 301.254)	Trevor
000662	(306.877, 378.727)	Michael
000662	(650.678, 298.447)	Franklin
000662	(902.744, 304.027)	Trevor
000663	(306.872, 378.697)	Michael
000663	(650.715, 301.241)	Franklin
000663	(902.792, 304.051)	Trevor
000664	(306.875, 378.708)	Michael
000664	(650.758, 304.045)	Franklin
000664	(902.837, 304.023)	Trevor
000665	(304.201, 378.742)	Michael
000665	(650.795, 304.040)	Franklin
000665	(902.895, 301.216)	Trevor
000666	(304.189, 378.777)	Michael
000666	(650.826, 301.315)	Franklin
000666	(902.831, 295.575)	Trevor
000667	(304.200, 378.781)	Michael
000667	(650.823, 301.264)	Franklin
000667	(902.786, 292.694)	Trevor
000668	(304.173, 378.792)	Michael
000668	(650.814, 295.548)	Franklin
000668	(902.772, 289.833)	Trevor
000669	(304.166, 381.456)	Michael
000669	(650.775, 289.911)	Franklin
000669	(902.734, 289.770)	Trevor
000670	(304.158, 378.757)	Michael
000670	(650.699, 287.104)	Franklin
000670	(902.697, 286.996)	Trevor
000671	(304.192, 378.751)	Michael
000671	(650.636, 286.997)	Franklin
000671	(900.000, 286.918)	Trevor
000672	(304.178, 378.706)	Michael
000672	(650.579, 286.901)	Franklin
000672	(899.949, 286.865)	Trevor
000673	(304.137, 378.740)	Michael
000673	(647.851, 284.214)	Franklin
000673	(897.149, 286.828)	Trevor
000674	(304.167, 378.738)	Michael
000674	(647.778, 284.132)	Franklin
000674	(894.231, 286.831)	Trevor
000675	(306.846, 378.765)	Michael
000675	(644.997, 284.169)	Franklin
000675	(888.548, 286.862)	Trevor
000676	(306.856, 378.729)	Michael
000676	(639.333, 286.854)	Franklin
000676	(888.481, 286.904)	Trevor
000677	(306.868, 378.771)	Michael
000677	(636.491, 286.846)	Franklin
000677	(885.692, 286.948)	Trevor
000678	(306.862, 378.767)	Michael
000678	(633.680, 286.990)	Franklin
000678	(882.948, 286.978)	Trevor
000679	(306.854, 378.781)	Michael
000679	(633.616, 287.027)	Franklin
000679	(882.890, 286.988)	Trevor
000680	(304.184, 378.778)	Michael
000680	(630.813, 287.056)	Franklin
000680	(882.700, 286.949)	Trevor
000681	(304.188, 381.445)	Michael
000681	(630.743, 287.020)	Franklin
000681	(882.643, 286.992)	Trevor
000682	(304.191, 378.784)	Michael
000682	(630.657, 286.993)	Franklin
000682	(880.025, 287.030)	Trevor
000683	(306.839, 378.778)	Michael
000683	(627.962, 286.929)	Franklin
000683	(879.977, 287.067)	Trevor
000684	(304.194, 378.706)	Michael
000684	(627.958, 286.950)	Franklin
000684	(879.950, 287.052)	Trevor
000685	(306.855, 378.767)	Michael
000685	(627.927, 286.925)	Franklin
000685	(879.928, 287.012)	Trevor
000686	(306.877, 378.783)	Michael
000686	(627.871, 286.863)	Franklin
000686	(879.892, 286.997)	Trevor
000687	(306.898, 378.745)	Michael
000687	(627.839, 286.898)	Franklin
000687	(879.884, 286.998)	Trevor
000688	(306.883, 378.764)	Michael
000688	(627.833, 286.916)	Franklin
000688	(879.888, 287.012)	Trevor
000689	(304.198, 378.729)	Michael
000689	(627.828, 286.935)	Franklin
000689	(879.873, 287.003)	Trevor
000690	(304.196, 378.761)	Michael
000690	(627.838, 286.898)	Franklin
000690	(879.868, 287.051)	Trevor
000691	(304.138, 378.771)	Michael
000691	(627.854, 286.952)	Franklin
000691	(879.915, 287.123)	Trevor
000692	(304.114, 378.767)	Michael
000692	(627.857, 286.986)	Franklin
000692	(879.914, 289.829)	Trevor
000693	(304.180, 378.697)	Michael
000693	(627.903, 287.047)	Franklin
000693	(879.985, 289.887)	Trevor
000694	(304.160, 378.743)	Michael
000694	(627.902, 289.823)	Franklin
000694	(879.989, 292.648)	Trevor
000695	(304.157, 378.724)	Michael
000695	(627.908, 289.864)	Franklin
000695	(880.036, 289.928)	Trevor
000696	(304.179, 378.739)	Michael
000696	(627.939, 289.923)	Franklin
000696	(882.683, 289.884)	Trevor
000697	(304.194, 378.719)	Michael
000697	(627.970, 289.933)	Franklin
000697	(882.725, 289.772)	Trevor
000698	(306.868, 378.682)	Michael
000698	(630.606, 289.893)	Franklin
000698	(882.818, 287.030)	Trevor
000699	(306.853, 378.716)	Michael
000699	(630.639, 289.790)	Franklin
000699	(882.813, 286.959)	Trevor
000700	(306.860, 378.713)	Michael
000700	(630.703, 287.099)	Franklin
000700	(882.872, 286.921)	Trevor
000701	(304.199, 378.761)	Michael
000701	(630.756, 287.005)	Franklin
000701	(882.937, 286.910)	Trevor
000702	(306.844, 378.781)	Michael
000702	(633.507, 286.905)	Franklin
000702	(885.678, 286.859)	Trevor
000703	(306.840, 378.781)	Michael
000703	(633.557, 286.874)	Franklin
000703	(888.483, 286.847)	Trevor
000704	(304.180, 381.434)	Michael
000704	(633.629, 286.833)	Franklin
000704	(888.569, 286.937)	Trevor
000705	(304.163, 381.461)	Michael
000705	(636.416, 286.912)	Franklin
000705	(894.264, 287.020)	Trevor
000706	(304.152, 378.785)	Michael
000706	(636.492, 287.018)	Franklin
000706	(897.106, 287.113)	Trevor
000707	(304.171, 378.752)	Michael
000707	(642.112, 287.009)	Franklin
000707	(899.923, 289.892)	Trevor
000708	(304.181, 378.701)	Michael
000708	(644.962, 289.783)	Franklin
000708	(899.982, 292.673)	Trevor
000709	(304.151, 378.745)	Michael
000709	(647.871, 289.876)	Franklin
000709	(900.015, 298.388)	Trevor
000710	(304.168, 378.738)	Michael
000710	(650.602, 295.513)	Franklin
000710	(902.702, 301.242)	Trevor
000711	(304.197, 378.772)	Michael
000711	(650.663, 298.443)	Franklin
000711	(902.741, 304.025)	Trevor
000712	(306.841, 378.737)	Michael
000712	(650.723, 301.243)	Franklin
000712	(902.781, 304.045)	Trevor
000713	(306.866, 378.773)	Michael
000713	(650.762, 304.069)	Franklin
000713	(902.846, 304.030)	Trevor
000714	(306.868, 378.750)	Michael
000714	(650.780, 304.052)	Franklin
000714	(902.901, 301.240)	Trevor
000715	(306.882, 378.783)	Michael
000715	(650.832, 304.023)	Franklin
000715	(902.842, 295.573)	Trevor
000716	(306.845, 378.759)	Michael
000716	(650.833, 301.243)	Franklin
000716	(902.802, 292.706)	Trevor
000717	(304.202, 381.462)	Michael
000717	(650.822, 295.588)	Franklin
000717	(902.766, 289.848)	Trevor
000718	(306.853, 381.436)	Michael
000718	(650.792, 289.911)	Franklin
000718	(902.735, 287.123)	Trevor
000719	(306.857, 378.750)	Michael
000719	(650.701, 287.113)	Franklin
000719	(902.679, 287.012)	Trevor
000720	(306.850, 378.759)	Michael
000720	(650.634, 287.009)	Franklin
000720	(899.998, 286.945)	Trevor
000721	(306.865, 378.775)	Michael
000721	(650.574, 286.915)	Franklin
000721	(899.944, 286.857)	Trevor
000722	(306.876, 378.778)	Michael
000722	(647.872, 284.204)	Franklin
000722	(897.140, 286.826)	Trevor
000723	(306.892, 378.751)	Michael
000723	(647.780, 284.123)	Franklin
000723	(894.200, 286.830)	Trevor
000724	(306.882, 378.768)	Michael
000724	(644.996, 284.180)	Franklin
000724	(888.533, 286.868)	Trevor
000725	(306.839, 378.723)	Michael
000725	(639.349, 286.924)	Franklin
000725	(885.766, 286.990)	Trevor
000726	(304.184, 378.757)	Michael
000726	(639.318, 287.026)	Franklin
000726	(885.736, 287.123)	Trevor
000727	(304.152, 378.778)	Michael
000727	(636.471, 287.116)	Franklin
000727	(885.760, 289.834)	Trevor
000728	(304.113, 378.775)	Michael
000728	(636.435, 287.103)	Franklin
000728	(888.478, 289.877)	Trevor
000729	(304.171, 378.726)	Michael
000729	(636.421, 289.786)	Franklin
000729	(888.575, 289.894)	Trevor
000730	(304.162, 378.765)	Michael
000730	(636.397, 289.903)	Franklin
000730	(894.260, 292.640)	Trevor
000731	(304.126, 378.704)	Michael
000731	(636.375, 292.659)	Franklin
000731	(897.148, 292.687)	Trevor
000732	(304.176, 378.780)	Michael
000732	(636.429, 289.935)	Franklin
000732	(899.894, 292.696)	Trevor
000733	(304.184, 378.736)	Michael
000733	(636.431, 292.659)	Franklin
000733	(899.910, 292.719)	Trevor
000734	(306.883, 378.705)	Michael
000734	(636.437, 292.644)	Franklin
000734	(899.922, 292.707)	Trevor
000735	(306.857, 378.725)	Michael
000735	(636.438, 292.647)	Franklin
000735	(899.919, 292.706)	Trevor
000736	(306.850, 378.732)	Michael
000736	(636.449, 292.648)	Franklin
000736	(899.924, 292.706)	Trevor
000737	(304.173, 378.744)	Michael
000737	(636.447, 292.655)	Franklin
000737	(899.931, 292.716)	Trevor
000738	(304.192, 381.427)	Michael
000738	(636.437, 292.652)	Franklin
000738	(899.936, 292.707)	Trevor
000739	(304.187, 378.786)	Michael
000739	(636.438, 292.646)	Franklin
000739	(899.937, 292.703)	Trevor
000740	(304.184, 381.433)	Michael
000740	(636.413, 292.668)	Franklin
000740	(899.937, 292.698)	Trevor
000741	(304.176, 381.453)	Michael
000741	(636.385, 292.691)	Franklin
000741	(899.938, 292.686)	Trevor
000742	(304.140, 378.777)	Michael
000742	(633.677, 292.708)	Franklin
000742	(899.940, 292.677)	Trevor
000743	(304.191, 378.741)	Michael
000743	(633.660, 292.725)	Franklin
000743	(899.938, 292.678)	Trevor
000744	(304.176, 378.704)	Michael
000744	(633.657, 292.731)	Franklin
000744	(899.936, 292.679)	Trevor
000745	(304.159, 378.751)	Michael
000745	(633.656, 292.734)	Franklin
000745	(899.931, 292.681)	Trevor
000746	(304.148, 378.737)	Michael
000746	(633.648, 292.743)	Franklin
000746	(899.932, 292.674)	Trevor
000747	(304.197, 378.761)	Michael
000747	(633.635, 292.755)	Franklin
000747	(899.930, 292.668)	Trevor
000748	(304.201, 378.743)	Michael
000748	(633.641, 292.751)	Franklin
000748	(899.928, 292.663)	Trevor
000749	(306.864, 378.770)	Michael
000749	(633.632, 292.748)	Franklin
000749	(899.936, 292.663)	Trevor
000750	(306.859, 378.745)	Michael
000750	(633.611, 292.722)	Franklin
000750	(899.927, 292.662)	Trevor
000751	(306.873, 378.779)	Michael
000751	(633.605, 292.716)	Franklin
000751	(899.922, 292.665)	Trevor
000752	(304.190, 378.777)	Michael
000752	(633.606, 292.722)	Franklin
000752	(899.925, 292.664)	Trevor
000753	(304.192, 381.447)	Michael
000753	(633.602, 292.713)	Franklin
000753	(899.922, 292.660)	Trevor
000754	(306.846, 381.427)	Michael
000754	(633.604, 292.717)	Franklin
000754	(899.920, 292.662)	Trevor
000755	(306.863, 378.773)	Michael
000755	(633.602, 292.717)	Franklin
000755	(899.909, 292.669)	Trevor
000756	(306.846, 378.749)	Michael
000756	(633.613, 292.730)	Franklin
000756	(899.920, 292.670)	Trevor
000757	(306.862, 378.762)	Michael
000757	(633.618, 292.742)	Franklin
000757	(899.929, 292.668)	Trevor
000758	(306.875, 378.776)	Michael
000758	(633.619, 292.731)	Franklin
000758	(899.938, 292.669)	Trevor
000759	(306.879, 378.759)	Michael
000759	(633.622, 292.747)	Franklin
000759	(899.937, 292.675)	Trevor
000760	(306.887, 378.766)	Michael
000760	(633.623, 292.750)	Franklin
000760	(899.947, 292.684)	Trevor
000761	(306.852, 378.721)	Michael
000761	(633.621, 292.751)	Franklin
000761	(899.945, 292.686)	Trevor
000762	(304.189, 378.750)	Michael
000762	(633.618, 292.748)	Franklin
000762	(899.943, 292.688)	Trevor
000763	(304.164, 378.762)	Michael
000763	(633.618, 292.748)	Franklin
000763	(899.933, 292.707)	Trevor
000764	(304.103, 378.760)	Michael
000764	(633.617, 292.744)	Franklin
000764	(899.932, 292.715)	Trevor
000765	(304.172, 378.740)	Michael
000765	(633.619, 292.741)	Franklin
000765	(899.927, 292.730)	Trevor
000766	(304.178, 378.773)	Michael
000766	(633.609, 292.744)	Franklin
000766	(899.919, 292.737)	Trevor
000767	(304.153, 378.724)	Michael
000767	(633.605, 292.749)	Franklin
000767	(899.921, 292.735)	Trevor
000768	(304.182, 378.766)	Michael
000768	(633.600, 292.748)	Franklin
000768	(899.916, 292.739)	Trevor
000769	(306.835, 378.740)	Michael
000769	(633.602, 292.753)	Franklin
000769	(899.912, 292.739)	Trevor
000770	(306.879, 378.730)	Michael
000770	(633.599, 292.752)	Franklin
000770	(899.902, 292.734)	Trevor
000771	(306.859, 378.724)	Michael
000771	(633.598, 292.758)	Franklin
000771	(899.904, 292.726)	Trevor
000772	(306.858, 378.735)	Michael
000772	(633.596, 292.744)	Franklin
000772	(899.896, 292.729)	Trevor
000773	(304.195, 378.764)	Michael
000773	(633.596, 292.744)	Franklin
000773	(899.887, 292.727)	Trevor
000774	(304.177, 378.789)	Michael
000774	(633.594, 292.746)	Franklin
000774	(899.889, 292.725)	Trevor
000775	(304.175, 381.427)	Michael
000775	(633.594, 292.749)	Franklin
000775	(899.896, 292.727)	Trevor
000776	(304.160, 381.447)	Michael
000776	(633.596, 292.756)	Franklin
000776	(899.887, 292.731)	Trevor
000777	(304.160, 381.465)	Michael
000777	(633.600, 292.752)	Franklin
000777	(899.887, 292.727)	Trevor
000778	(304.149, 378.754)	Michael
000778	(633.607, 292.747)	Franklin
000778	(899.881, 292.729)	Trevor
000779	(304.165, 378.770)	Michael
000779	(633.606, 292.743)	Franklin
000779	(899.863, 292.715)	Trevor
000780	(304.161, 378.708)	Michael
000780	(633.605, 295.494)	Franklin
000780	(899.860, 292.721)	Trevor
000781	(304.144, 378.769)	Michael
000781	(633.605, 295.500)	Franklin
000781	(899.848, 292.723)	Trevor
000782	(304.155, 378.769)	Michael
000782	(633.614, 292.758)	Franklin
000782	(897.152, 292.715)	Trevor
000783	(304.192, 378.758)	Michael
000783	(633.617, 292.744)	Franklin
000783	(897.154, 292.719)	Trevor
000784	(306.838, 378.741)	Michael
000784	(633.623, 292.749)	Franklin
000784	(897.141, 292.714)	Trevor
000785	(306.857, 378.776)	Michael
000785	(633.628, 292.743)	Franklin
000785	(897.127, 292.697)	Trevor
000786	(306.855, 378.744)	Michael
000786	(633.642, 292.729)	Franklin
000786	(894.266, 292.722)	Trevor
000787	(306.863, 378.792)	Michael
000787	(633.643, 292.746)	Franklin
000787	(894.240, 292.716)	Trevor
000788	(306.840, 378.766)	Michael
000788	(633.649, 292.745)	Franklin
000788	(894.203, 292.737)	Trevor
000789	(306.839, 381.463)	Michael
000789	(633.657, 292.744)	Franklin
000789	(894.267, 295.500)	Trevor
000790	(306.859, 381.432)	Michael
000790	(633.671, 292.753)	Franklin
000790	(894.286, 298.373)	Trevor
000791	(306.858, 378.749)	Michael
000791	(633.686, 292.743)	Franklin
000791	(899.846, 301.258)	Trevor
000792	(306.840, 378.753)	Michael
000792	(633.682, 292.725)	Franklin
000792	(899.883, 304.168)	Trevor
000793	(306.852, 378.773)	Michael
000793	(636.387, 292.737)	Franklin
000793	(899.991, 306.893)	Trevor
000794	(306.874, 381.427)	Michael
000794	(636.387, 292.719)	Franklin
000794	(900.021, 306.960)	Trevor
000795	(306.890, 378.756)	Michael
000795	(636.429, 292.734)	Franklin
000795	(900.009, 307.064)	Trevor
000796	(306.890, 378.762)	Michael
000796	(636.432, 292.725)	Franklin
000796	(899.926, 309.806)	Trevor
000797	(304.194, 378.727)	Michael
000797	(636.438, 292.716)	Franklin
000797	(894.276, 310.010)	Trevor
000798	(304.175, 378.752)	Michael
000798	(636.442, 292.715)	Franklin
000798	(888.553, 315.591)	Trevor
000799	(304.138, 378.753)	Michael
000799	(636.442, 292.725)	Franklin
000799	(885.634, 324.125)	Trevor
000800	(304.110, 378.770)	Michael
000800	(636.416, 292.721)	Franklin
000800	(882.812, 329.810)	Trevor
000801	(304.166, 378.699)	Michael
000801	(636.433, 292.701)	Franklin
000801	(879.995, 329.941)	Trevor
000802	(304.157, 378.721)	Michael
000802	(636.472, 292.747)	Franklin
000802	(879.763, 332.725)	Trevor
000803	(304.155, 378.728)	Michael
000803	(636.492, 295.568)	Franklin
000803	(871.301, 332.753)	Trevor
000804	(304.184, 378.768)	Michael
000804	(636.496, 295.599)	Franklin
000804	(862.709, 332.738)	Trevor
000805	(304.189, 378.732)	Michael
000805	(636.381, 301.300)	Franklin
000805	(859.865, 332.772)	Trevor
000806	(306.877, 378.728)	Michael
000806	(633.686, 304.132)	Franklin
000806	(857.050, 332.679)	Trevor
000807	(306.851, 378.702)	Michael
000807	(633.663, 304.170)	Franklin
000807	(856.923, 330.048)	Trevor
000808	(306.860, 378.721)	Michael
000808	(636.442, 304.193)	Franklin
000808	(854.071, 329.955)	Trevor
000809	(304.193, 378.766)	Michael
000809	(642.183, 306.887)	Franklin
000809	(845.500, 329.933)	Trevor
000810	(304.175, 378.781)	Michael
000810	(647.921, 306.971)	Franklin
000810	(839.876, 330.001)	Trevor
000811	(304.178, 381.427)	Michael
000811	(650.762, 307.003)	Franklin
000811	(837.101, 332.680)	Trevor
000812	(304.152, 381.456)	Michael
000812	(653.597, 309.759)	Franklin
000812	(834.169, 332.948)	Trevor
000813	(304.160, 381.479)	Michael
000813	(656.437, 310.039)	Franklin
000813	(833.981, 344.183)	Trevor
000814	(304.131, 378.782)	Michael
000814	(665.077, 312.835)	Franklin
000814	(828.309, 349.987)	Trevor
000815	(304.188, 378.755)	Michael
000815	(673.654, 321.344)	Franklin
000815	(816.937, 352.952)	Trevor
000816	(304.158, 378.718)	Michael
000816	(676.667, 324.183)	Franklin
000816	(814.142, 355.784)	Trevor
000817	(304.137, 378.759)	Michael
000817	(690.805, 327.070)	Franklin
000817	(811.256, 361.438)	Trevor
000818	(304.160, 378.763)	Michael
000818	(696.657, 329.791)	Franklin
000818	(811.054, 369.968)	Trevor
000819	(304.192, 378.775)	Michael
000819	(702.312, 327.021)	Franklin
000819	(796.906, 370.067)	Trevor
000820	(306.842, 378.730)	Michael
000820	(713.757, 327.035)	Franklin
000820	(791.220, 372.802)	Trevor
000821	(306.865, 378.768)	Michael
000821	(719.489, 327.047)	Franklin
000821	(788.281, 372.897)	Trevor
000822	(306.846, 378.762)	Michael
000822	(722.451, 329.784)	Franklin
000822	(788.083, 372.927)	Trevor
000823	(306.864, 378.787)	Michael
000823	(725.294, 327.020)	Franklin
000823	(776.828, 375.658)	Trevor
000824	(304.197, 378.772)	Michael
000824	(736.634, 327.004)	Franklin
000824	(768.308, 375.715)	Trevor
000825	(306.839, 381.478)	Michael
000825	(742.363, 329.835)	Franklin
000825	(765.354, 378.574)	Trevor
000826	(306.861, 381.444)	Michael
000826	(750.992, 381.466)	Trevor
000826	(751.022, 324.159)	Franklin
000827	(306.861, 378.789)	Michael
000827	(745.303, 387.204)	Trevor
000827	(762.408, 326.991)	Franklin
000828	(306.836, 378.743)	Michael
000828	(742.480, 398.504)	Trevor
000828	(768.083, 329.849)	Franklin
000829	(306.859, 378.766)	Michael
000829	(736.735, 401.403)	Trevor
000829	(768.293, 332.704)	Franklin
000830	(306.875, 378.791)	Michael
000830	(722.414, 401.628)	Trevor
000830	(782.467, 332.925)	Franklin
000831	(306.877, 378.784)	Michael
000831	(719.500, 407.336)	Trevor
000831	(788.144, 347.055)	Franklin
000832	(306.895, 378.752)	Michael
000832	(710.924, 415.827)	Trevor
000832	(791.154, 349.973)	Franklin
000833	(306.844, 378.730)	Michael
000833	(699.595, 418.713)	Trevor
000833	(799.747, 352.823)	Franklin
000834	(304.191, 378.761)	Michael
000834	(696.692, 421.471)	Trevor
000834	(811.207, 355.604)	Franklin
000835	(304.154, 378.767)	Michael
000835	(696.521, 421.508)	Trevor
000835	(816.999, 355.703)	Franklin
000836	(304.095, 378.787)	Michael
000836	(693.680, 421.468)	Trevor
000836	(834.164, 358.582)	Franklin
000837	(304.175, 378.720)	Michael
000837	(682.318, 418.748)	Trevor
000837	(848.387, 358.576)	Franklin
000838	(304.176, 378.751)	Michael
000838	(679.498, 418.686)	Trevor
000838	(862.721, 358.636)	Franklin
000839	(304.158, 378.719)	Michael
000839	(679.360, 418.736)	Trevor
000839	(882.729, 364.279)	Franklin
000840	(304.196, 378.748)	Michael
000840	(676.482, 421.437)	Trevor
000840	(902.753, 370.002)	Franklin
000841	(306.842, 378.746)	Michael
000841	(676.417, 421.539)	Trevor
000841	(914.286, 370.077)	Franklin
000842	(306.886, 378.729)	Michael
000842	(676.397, 421.607)	Trevor
000842	(928.668, 375.774)	Franklin
000843	(306.872, 378.736)	Michael
000843	(673.775, 421.687)	Trevor
000843	(948.625, 378.722)	Franklin
000844	(306.873, 378.708)	Michael
000844	(673.674, 424.358)	Trevor
000844	(957.212, 390.030)	Franklin
000845	(306.842, 378.751)	Michael
000845	(673.791, 424.525)	Trevor
000845	(971.589, 392.908)	Franklin
000846	(306.844, 378.784)	Michael
000846	(673.787, 424.576)	Trevor
000846	(977.333, 398.547)	Franklin
000847	(306.840, 378.792)	Michael
000847	(673.744, 424.608)	Trevor
000847	(991.642, 398.717)	Franklin
000848	(1000.290, 401.571)	Franklin
000848	(304.195, 381.433)	Michael
000848	(673.749, 427.305)	Trevor
000849	(1017.427, 401.682)	Franklin
000849	(304.184, 381.470)	Michael
000849	(673.712, 427.387)	Trevor
000850	(1031.691, 404.457)	Franklin
000850	(304.174, 378.783)	Michael
000850	(673.660, 427.416)	Trevor
000851	(1043.099, 404.398)	Franklin
000851	(304.187, 378.770)	Michael
000851	(673.654, 427.421)	Trevor
000852	(1057.507, 404.345)	Franklin
000852	(304.179, 378.716)	Michael
000852	(673.625, 430.149)	Trevor
000853	(1066.228, 407.221)	Franklin
000853	(304.163, 378.762)	Michael
000853	(673.592, 430.248)	Trevor
000854	(1080.399, 404.495)	Franklin
000854	(304.168, 378.775)	Michael
000854	(673.529, 433.041)	Trevor
000855	(1089.055, 410.120)	Franklin
000855	(306.842, 378.764)	Michael
000855	(670.845, 433.070)	Trevor
000856	(1100.532, 415.819)	Franklin
000856	(306.853, 378.747)	Michael
000856	(670.789, 433.068)	Trevor
000857	(1109.010, 418.607)	Franklin
000857	(306.865, 378.778)	Michael
000857	(670.760, 435.856)	Trevor
000858	(1111.974, 415.806)	Franklin
000858	(306.863, 378.755)	Michael
000858	(670.712, 435.864)	Trevor
000859	(1117.657, 418.658)	Franklin
000859	(306.857, 378.774)	Michael
000859	(667.940, 433.057)	Trevor
000860	(1126.189, 418.677)	Franklin
000860	(306.844, 378.781)	Michael
000860	(667.911, 433.051)	Trevor
000861	(1123.369, 418.706)	Franklin
000861	(306.849, 381.460)	Michael
000861	(667.891, 433.053)	Trevor
000862	(1123.395, 421.467)	Franklin
000862	(306.867, 381.439)	Michael
000862	(665.091, 430.255)	Trevor
000863	(1120.542, 418.774)	Franklin
000863	(306.884, 378.787)	Michael
000863	(665.083, 432.996)	Trevor
000864	(1120.542, 421.483)	Franklin
000864	(306.854, 378.729)	Michael
000864	(665.118, 433.026)	Trevor
000865	(1129.017, 421.589)	Franklin
000865	(306.870, 378.774)	Michael
000865	(665.115, 433.067)	Trevor
000866	(1129.126, 421.602)	Franklin
000866	(306.881, 378.782)	Michael
000866	(665.107, 433.080)	Trevor
000867	(1131.920, 421.594)	Franklin
000867	(306.897, 378.756)	Michael
000867	(665.088, 435.876)	Trevor
000868	(1132.026, 421.487)	Franklin
000868	(306.905, 378.765)	Michael
000868	(665.036, 435.886)	Trevor
000869	(1132.060, 421.486)	Franklin
000869	(306.870, 378.735)	Michael
000869	(662.265, 435.918)	Trevor
000870	(1132.064, 421.474)	Franklin
000870	(306.859, 378.754)	Michael
000870	(662.222, 435.919)	Trevor
000871	(1131.996, 418.755)	Franklin
000871	(304.190, 378.765)	Michael
000871	(662.211, 435.937)	Trevor
000872	(1131.960, 418.669)	Franklin
000872	(304.134, 378.755)	Michael
000872	(662.213, 435.939)	Trevor
000873	(1131.904, 418.686)	Franklin
000873	(304.197, 378.713)	Michael
000873	(662.195, 435.951)	Trevor
000874	(1129.148, 415.865)	Franklin
000874	(304.195, 378.765)	Michael
000874	(662.206, 438.699)	Trevor
000875	(1129.010, 415.865)	Franklin
000875	(304.179, 378.728)	Michael
000875	(662.209, 435.951)	Trevor
000876	(1120.496, 418.615)	Franklin
000876	(304.191, 378.758)	Michael
000876	(662.222, 435.937)	Trevor
000877	(1114.802, 418.650)	Franklin
000877	(306.843, 378.727)	Michael
000877	(662.220, 435.906)	Trevor
000878	(1111.930, 413.035)	Franklin
000878	(306.900, 378.701)	Michael
000878	(659.365, 435.878)	Trevor
000879	(1109.182, 418.726)	Franklin
000879	(306.890, 378.712)	Michael
000879	(656.574, 433.075)	Trevor
000880	(1109.026, 418.753)	Franklin
000880	(306.880, 378.710)	Michael
000880	(653.699, 430.154)	Trevor
000881	(1108.911, 418.721)	Franklin
000881	(306.839, 378.733)	Michael
000881	(653.563, 427.436)	Trevor
000882	(1106.233, 413.003)	Franklin
000882	(306.850, 378.759)	Michael
000882	(650.792, 427.417)	Trevor
000883	(1106.177, 415.783)	Franklin
000883	(306.841, 378.769)	Michael
000883	(650.659, 427.312)	Trevor
000884	(1106.232, 413.036)	Franklin
000884	(304.189, 378.783)	Michael
000884	(650.653, 427.300)	Trevor
000885	(1106.272, 412.994)	Franklin
000885	(304.190, 381.455)	Michael
000885	(650.602, 427.292)	Trevor
000886	(1108.975, 418.629)	Franklin
000886	(304.171, 378.765)	Michael
000886	(650.595, 427.264)	Trevor
000887	(1109.105, 415.881)	Franklin
000887	(306.835, 378.737)	Michael
000887	(650.614, 427.270)	Trevor
000888	(1111.851, 415.899)	Franklin
000888	(304.201, 378.679)	Michael
000888	(650.695, 427.266)	Trevor
000889	(1111.992, 418.685)	Franklin
000889	(304.170, 378.722)	Michael
000889	(650.758, 427.331)	Trevor
000890	(1114.878, 418.617)	Franklin
000890	(304.194, 378.754)	Michael
000890	(650.852, 427.313)	Trevor
000891	(1123.404, 418.624)	Franklin
000891	(306.838, 378.768)	Michael
000891	(653.588, 427.296)	Trevor
000892	(1129.073, 418.646)	Franklin
000892	(306.859, 378.747)	Michael
000892	(653.722, 427.315)	Trevor
000893	(1131.901, 418.638)	Franklin
000893	(306.882, 378.759)	Michael
000893	(656.524, 427.358)	Trevor
000894	(1132.076, 418.625)	Franklin
000894	(306.889, 378.742)	Michael
000894	(662.173, 427.435)	Trevor
000895	(1132.110, 418.649)	Franklin
000895	(306.878, 378.760)	Michael
000895	(667.937, 430.145)	Trevor
000896	(1132.065, 418.612)	Franklin
000896	(306.858, 378.764)	Michael
000896	(673.544, 430.228)	Trevor
000897	(1131.968, 418.604)	Franklin
000897	(304.199, 381.453)	Michael
000897	(673.684, 433.011)	Trevor
000898	(1131.825, 415.787)	Franklin
000898	(306.855, 381.445)	Michael
000898	(673.773, 435.858)	Trevor
000899	(1129.132, 412.994)	Franklin
000899	(306.862, 378.779)	Michael
000899	(676.537, 435.863)	Trevor
000900	(1120.562, 415.802)	Franklin
000900	(306.850, 378.729)	Michael
000900	(676.615, 433.062)	Trevor
000901	(1117.733, 415.831)	Franklin
000901	(306.870, 378.780)	Michael
000901	(679.345, 435.926)	Trevor
000902	(1117.704, 415.845)	Franklin
000902	(306.899, 381.433)	Michael
000902	(679.367, 438.698)	Trevor
000903	(1114.887, 415.813)	Franklin
000903	(306.901, 378.767)	Michael
000903	(679.367, 438.767)	Trevor
000904	(1114.801, 415.812)	Franklin
000904	(306.901, 378.770)	Michael
000904	(679.344, 438.797)	Trevor
000905	(1112.091, 415.806)	Franklin
000905	(306.837, 378.748)	Michael
000905	(676.644, 438.758)	Trevor
000906	(1112.044, 415.782)	Franklin
000906	(306.844, 378.763)	Michael
000906	(676.622, 438.748)	Trevor
000907	(1111.958, 415.814)	Franklin
000907	(304.169, 378.774)	Michael
000907	(676.510, 438.733)	Trevor
000908	(1111.962, 415.783)	Franklin
000908	(304.130, 378.777)	Michael
000908	(673.791, 438.792)	Trevor
000909	(1111.954, 413.040)	Franklin
000909	(304.188, 378.709)	Michael
000909	(673.661, 438.768)	Trevor
000910	(1111.885, 415.798)	Franklin
000910	(304.197, 378.761)	Michael
000910	(670.823, 438.821)	Trevor
000911	(1111.917, 415.781)	Franklin
000911	(304.177, 378.752)	Michael
000911	(665.078, 438.749)	Trevor
000912	(1111.965, 415.810)	Franklin
000912	(304.197, 378.762)	Michael
000912	(656.525, 435.912)	Trevor
000913	(1112.058, 415.817)	Franklin
000913	(306.846, 378.741)	Michael
000913	(653.672, 435.905)	Trevor
000914	(1114.763, 415.869)	Franklin
000914	(306.896, 378.729)	Michael
000914	(653.531, 435.912)	Trevor
000915	(1114.905, 415.855)	Franklin
000915	(306.873, 378.712)	Michael
000915	(650.780, 435.901)	Trevor
000916	(1117.708, 415.838)	Franklin
000916	(306.874, 378.713)	Michael
000916	(650.656, 435.885)	Trevor
000917	(1123.358, 415.808)	Franklin
000917	(306.842, 378.755)	Michael
000917	(650.628, 433.043)	Trevor
000918	(1126.255, 415.849)	Franklin
000918	(306.854, 378.771)	Michael
000918	(650.603, 433.040)	Trevor
000919	(1129.065, 415.907)	Franklin
000919	(306.847, 378.759)	Michael
000919	(647.927, 430.241)	Trevor
000920	(1131.871, 418.616)	Franklin
000920	(304.189, 378.781)	Michael
000920	(647.850, 430.214)	Trevor
000921	(1132.017, 418.623)	Franklin
000921	(304.182, 381.458)	Michael
000921	(647.805, 430.241)	Trevor
000922	(1134.754, 418.648)	Franklin
000922	(304.175, 378.783)	Michael
000922	(644.965, 430.243)	Trevor
000923	(1134.888, 418.680)	Franklin
000923	(306.840, 378.762)	Michael
000923	(642.148, 433.055)	Trevor
000924	(1135.023, 418.673)	Franklin
000924	(304.184, 378.698)	Michael
000924	(639.326, 433.096)	Trevor
000925	(1137.808, 418.671)	Franklin
000925	(304.159, 378.746)	Michael
000925	(636.484, 435.877)	Trevor
000926	(1140.553, 418.672)	Franklin
000926	(304.173, 378.752)	Michael
000926	(636.429, 433.094)	Trevor
000927	(1140.599, 418.675)	Franklin
000927	(306.845, 378.760)	Michael
000927	(636.427, 433.099)	Trevor
000928	(1140.654, 418.684)	Franklin
000928	(306.844, 378.764)	Michael
000928	(636.431, 433.099)	Trevor
000929	(1143.412, 418.698)	Franklin
000929	(306.860, 378.783)	Michael
000929	(636.427, 435.857)	Trevor
000930	(1143.419, 418.684)	Franklin
000930	(306.849, 378.764)	Michael
000930	(636.438, 433.105)	Trevor
000931	(1143.404, 418.690)	Franklin
000931	(306.863, 378.777)	Michael
000931	(636.497, 435.912)	Trevor
000932	(1140.607, 418.696)	Franklin
000932	(304.192, 378.773)	Michael
000932	(639.351, 433.068)	Trevor
000933	(1140.581, 418.727)	Franklin
000933	(304.197, 381.455)	Michael
000933	(642.195, 433.079)	Trevor
000934	(1137.734, 418.702)	Franklin
000934	(306.849, 381.435)	Michael
000934	(647.873, 433.015)	Trevor
000935	(1135.003, 418.673)	Franklin
000935	(306.864, 378.786)	Michael
000935	(647.932, 433.018)	Trevor
000936	(1134.897, 418.640)	Franklin
000936	(306.851, 378.762)	Michael
000936	(650.650, 430.217)	Trevor
000937	(1134.809, 418.646)	Franklin
000937	(306.867, 378.761)	Michael
000937	(650.843, 433.066)	Trevor
000938	(1132.113, 418.646)	Franklin
000938	(306.893, 378.789)	Michael
000938	(653.559, 433.095)	Trevor
000939	(1132.031, 418.615)	Franklin
000939	(306.885, 378.750)	Michael
000939	(653.644, 435.872)	Trevor
000940	(1131.976, 418.618)	Franklin
000940	(306.912, 378.758)	Michael
000940	(653.757, 438.696)	Trevor
000941	(1131.936, 418.616)	Franklin
000941	(306.844, 378.743)	Michael
000941	(656.500, 435.946)	Trevor
000942	(1131.894, 418.602)	Franklin
000942	(306.841, 378.747)	Michael
000942	(659.308, 435.932)	Trevor
000943	(1131.833, 415.906)	Franklin
000943	(304.166, 378.766)	Michael
000943	(665.022, 435.854)	Trevor
000944	(1129.172, 418.606)	Franklin
000944	(304.107, 378.763)	Michael
000944	(665.117, 435.857)	Trevor
000945	(1129.179, 418.614)	Franklin
000945	(304.177, 378.729)	Michael
000945	(667.909, 435.872)	Trevor
000946	(1129.169, 418.610)	Franklin
000946	(304.187, 378.774)	Michael
000946	(667.929, 435.866)	Trevor
000947	(1131.830, 415.902)	Franklin
000947	(304.165, 378.715)	Michael
000947	(667.922, 435.870)	Trevor
000948	(1131.839, 415.882)	Franklin
000948	(304.200, 378.759)	Michael
000948	(667.922, 435.913)	Trevor
000949	(1131.846, 415.904)	Franklin
000949	(306.845, 378.760)	Michael
000949	(667.887, 438.705)	Trevor
000950	(1131.867, 415.892)	Franklin
000950	(306.900, 378.750)	Michael
000950	(665.107, 438.746)	Trevor
000951	(1131.880, 415.883)	Franklin
000951	(306.873, 378.734)	Michael
000951	(662.270, 438.703)	Trevor
000952	(1131.902, 415.866)	Franklin
000952	(306.880, 378.733)	Michael
000952	(662.190, 435.923)	Trevor
000953	(1131.906, 415.872)	Franklin
000953	(306.841, 378.750)	Michael
000953	(659.299, 435.924)	Trevor
000954	(1131.928, 415.870)	Franklin
000954	(304.198, 378.785)	Michael
000954	(656.561, 435.906)	Trevor
000955	(1131.946, 415.861)	Franklin
000955	(306.845, 378.783)	Michael
000955	(656.466, 435.917)	Trevor
000956	(1131.971, 415.856)	Franklin
000956	(304.184, 381.440)	Michael
000956	(653.763, 438.705)	Trevor
000957	(1131.963, 415.861)	Franklin
000957	(304.174, 381.460)	Michael
000957	(653.723, 438.743)	Trevor
000958	(1131.960, 415.864)	Franklin
000958	(304.158, 378.772)	Michael
000958	(653.704, 438.748)	Trevor
000959	(1131.977, 415.872)	Franklin
000959	(304.168, 378.738)	Michael
000959	(653.678, 438.764)	Trevor
000960	(1131.984, 415.859)	Franklin
000960	(304.188, 378.724)	Michael
000960	(653.599, 438.742)	Trevor
000961	(1131.962, 415.871)	Franklin
000961	(304.157, 378.769)	Michael
000961	(653.589, 435.957)	Trevor
000962	(1131.955, 415.870)	Franklin
000962	(304.186, 378.746)	Michael
000962	(653.585, 438.707)	Trevor
000963	(1131.964, 415.872)	Franklin
000963	(306.848, 378.758)	Michael
000963	(653.567, 438.709)	Trevor
000964	(1131.933, 415.865)	Franklin
000964	(306.861, 378.767)	Michael
000964	(653.562, 438.711)	Trevor
000965	(1131.907, 415.864)	Franklin
000965	(306.881, 378.773)	Michael
000965	(653.557, 438.731)	Trevor
000966	(1131.884, 415.879)	Franklin
000966	(306.859, 378.760)	Michael
000966	(653.560, 438.766)	Trevor
000967	(1131.875, 415.904)	Franklin
000967	(306.879, 378.779)	Michael
000967	(653.563, 438.783)	Trevor
000968	(1131.853, 415.896)	Franklin
000968	(306.853, 378.764)	Michael
000968	(653.598, 438.780)	Trevor
000969	(1131.831, 415.883)	Franklin
000969	(306.868, 381.458)	Michael
000969	(653.677, 438.783)	Trevor
000970	(1131.824, 415.891)	Franklin
000970	(306.869, 381.453)	Michael
000970	(653.715, 438.784)	Trevor
000971	(1129.181, 415.895)	Franklin
000971	(306.870, 381.435)	Michael
000971	(653.736, 438.788)	Trevor
000972	(1131.825, 415.892)	Franklin
000972	(306.846, 378.746)	Michael
000972	(653.735, 438.792)	Trevor
000973	(1129.189, 415.894)	Franklin
000973	(306.873, 378.776)	Michael
000973	(653.723, 438.793)	Trevor
000974	(1129.182, 415.898)	Franklin
000974	(306.903, 378.780)	Michael
000974	(653.729, 441.559)	Trevor
000975	(1129.182, 415.900)	Franklin
000975	(306.902, 378.752)	Michael
000975	(653.723, 441.570)	Trevor
000976	(1129.175, 415.893)	Franklin
000976	(306.918, 378.767)	Michael
000976	(653.729, 441.573)	Trevor
000977	(1129.172, 415.881)	Franklin
000977	(306.846, 378.735)	Michael
000977	(653.708, 441.606)	Trevor
000978	(1129.161, 415.856)	Franklin
000978	(306.842, 378.757)	Michael
000978	(653.704, 441.624)	Trevor
000979	(1129.151, 415.837)	Franklin
000979	(304.169, 378.774)	Michael
000979	(653.715, 441.645)	Trevor
000980	(1129.135, 415.823)	Franklin
000980	(304.109, 378.756)	Michael
000980	(653.713, 441.655)	Trevor
000981	(1129.118, 415.819)	Franklin
000981	(304.200, 378.719)	Michael
000981	(653.675, 441.678)	Trevor
000982	(1129.089, 415.799)	Franklin
000982	(304.186, 378.758)	Michael
000982	(653.671, 441.698)	Trevor
000983	(1129.090, 415.794)	Franklin
000983	(304.180, 378.700)	Michael
000983	(653.668, 444.338)	Trevor
000984	(1129.085, 415.791)	Franklin
000984	(306.832, 378.760)	Michael
000984	(653.670, 441.695)	Trevor
000985	(1129.094, 415.784)	Franklin
000985	(306.858, 378.759)	Michael
000985	(653.702, 441.681)	Trevor
000986	(1129.100, 413.044)	Franklin
000986	(306.899, 378.722)	Michael
000986	(653.727, 441.671)	Trevor
000987	(1129.112, 413.029)	Franklin
000987	(306.873, 378.717)	Michael
000987	(653.726, 441.673)	Trevor
000988	(1129.106, 415.810)	Franklin
000988	(306.877, 378.726)	Michael
000988	(653.735, 441.664)	Trevor
000989	(1129.117, 415.790)	Franklin
000989	(306.861, 378.748)	Michael
000989	(653.746, 441.652)	Trevor
000990	(1129.155, 415.795)	Franklin
000990	(306.838, 381.425)	Michael
000990	(653.732, 441.637)	Trevor
000991	(1129.169, 415.819)	Franklin
000991	(306.836, 381.427)	Michael
000991	(653.749, 441.625)	Trevor
000992	(1129.170, 415.829)	Franklin
000992	(304.175, 381.449)	Michael
000992	(653.748, 441.615)	Trevor
000993	(1131.830, 415.814)	Franklin
000993	(304.187, 381.477)	Michael
000993	(653.744, 441.621)	Trevor
000994	(1129.163, 415.839)	Franklin
000994	(304.172, 378.787)	Michael
000994	(653.747, 441.624)	Trevor
000995	(1129.172, 415.844)	Franklin
000995	(304.193, 378.752)	Michael
000995	(653.761, 441.607)	Trevor
000996	(1129.174, 415.861)	Franklin
000996	(304.157, 378.707)	Michael
000996	(653.768, 441.605)	Trevor
000997	(1129.180, 415.870)	Franklin
000997	(304.155, 378.750)	Michael
000997	(653.773, 441.605)	Trevor
000998	(1129.177, 415.886)	Franklin
000998	(304.167, 378.727)	Michael
000998	(653.782, 441.599)	Trevor
000999	(1131.827, 415.888)	Franklin
000999	(306.840, 378.749)	Michael
000999	(653.778, 441.600)	Trevor
001000	(1131.831, 415.891)	Franklin
001000	(306.850, 378.742)	Michael
001000	(653.788, 441.592)	Trevor
001001	(1131.835, 415.894)	Franklin
001001	(306.872, 378.759)	Michael
001001	(653.792, 441.572)	Trevor
001002	(1131.833, 415.895)	Franklin
001002	(306.859, 378.762)	Michael
001002	(653.778, 441.559)	Trevor
001003	(1129.185, 418.612)	Franklin
001003	(306.865, 378.787)	Michael
001003	(653.766, 441.531)	Trevor
001004	(1129.180, 418.608)	Franklin
001004	(306.855, 378.788)	Michael
001004	(653.763, 438.823)	Trevor
001005	(1129.185, 418.617)	Franklin
001005	(306.848, 381.481)	Michael
001005	(653.761, 438.812)	Trevor
001006	(1129.179, 418.620)	Franklin
001006	(306.855, 381.439)	Michael
001006	(653.761, 438.802)	Trevor
001007	(1129.176, 418.628)	Franklin
001007	(306.873, 381.426)	Michael
001007	(653.763, 438.792)	Trevor
001008	(1129.179, 418.628)	Franklin
001008	(306.849, 378.748)	Michael
001008	(653.763, 438.784)	Trevor
001009	(1129.184, 418.630)	Franklin
001009	(306.867, 378.776)	Michael
001009	(653.763, 438.778)	Trevor
001010	(1129.168, 418.636)	Franklin
001010	(306.889, 378.778)	Michael
001010	(653.763, 438.778)	Trevor
001011	(1129.175, 418.639)	Franklin
001011	(306.899, 378.740)	Michael
001011	(653.764, 438.779)	Trevor
001012	(1129.160, 418.639)	Franklin
001012	(306.893, 378.765)	Michael
001012	(653.757, 438.787)	Trevor
001013	(1129.146, 418.631)	Franklin
001013	(304.202, 378.719)	Michael
001013	(653.761, 438.786)	Trevor
001014	(1129.134, 418.631)	Franklin
001014	(304.195, 378.753)	Michael
001014	(653.756, 438.792)	Trevor
001015	(1129.127, 418.634)	Franklin
001015	(304.157, 378.760)	Michael
001015	(653.752, 438.800)	Trevor
001016	(1129.128, 418.634)	Franklin
001016	(304.091, 378.756)	Michael
001016	(653.749, 438.794)	Trevor
001017	(1129.112, 418.643)	Franklin
001017	(304.189, 378.740)	Michael
001017	(653.751, 438.787)	Trevor
001018	(1129.107, 418.639)	Franklin
001018	(304.189, 378.780)	Michael
001018	(653.751, 438.781)	Trevor
001019	(1129.101, 418.636)	Franklin
001019	(304.169, 378.681)	Michael
001019	(653.748, 438.775)	Trevor
001020	(1129.073, 418.633)	Franklin
001020	(304.190, 378.758)	Michael
001020	(653.748, 438.792)	Trevor
001021	(1129.069, 418.630)	Franklin
001021	(306.844, 378.747)	Michael
001021	(653.753, 438.791)	Trevor
001022	(1129.060, 418.632)	Franklin
001022	(306.896, 378.725)	Michael
001022	(653.765, 438.800)	Trevor
001023	(1129.049, 418.633)	Franklin
001023	(306.873, 378.721)	Michael
001023	(653.770, 438.802)	Trevor
001024	(1129.037, 418.626)	Franklin
001024	(306.875, 378.730)	Michael
001024	(653.786, 438.816)	Trevor
001025	(1129.031, 418.622)	Franklin
001025	(306.841, 378.755)	Michael
001025	(653.787, 441.539)	Trevor
001026	(1129.028, 415.907)	Franklin
001026	(306.845, 381.426)	Michael
001026	(653.794, 441.573)	Trevor
001027	(1129.029, 415.901)	Franklin
001027	(304.196, 381.433)	Michael
001027	(653.783, 441.586)	Trevor
001028	(1129.023, 415.884)	Franklin
001028	(304.180, 381.446)	Michael
001028	(653.766, 441.611)	Trevor
001029	(1129.013, 415.864)	Franklin
001029	(304.184, 381.473)	Michael
001029	(653.761, 441.614)	Trevor