000000	(312.833, 215.434)	Michael
000000	(647.778, 286.828)	Franklin
000000	(882.768, 284.045)	Trevor
000001	(312.816, 218.071)	Michael
000001	(644.974, 284.205)	Franklin
000001	(882.658, 284.088)	Trevor
000002	(312.849, 215.469)	Michael
000002	(639.356, 284.192)	Franklin
000002	(879.910, 284.158)	Trevor
000003	(312.850, 218.181)	Michael
000003	(639.325, 284.206)	Franklin
000003	(879.861, 284.183)	Trevor
000004	(312.837, 218.179)	Michael
000004	(636.460, 286.841)	Franklin
000004	(879.838, 284.205)	Trevor
000005	(312.814, 218.084)	Michael
000005	(636.399, 286.851)	Franklin
000005	(879.754, 286.817)	Trevor
000006	(312.784, 215.452)	Michael
000006	(633.634, 286.855)	Franklin
000006	(877.016, 286.855)	Trevor
000007	(312.770, 215.436)	Michael
000007	(630.834, 286.857)	Franklin
000007	(874.155, 286.854)	Trevor
000008	(312.784, 215.471)	Michael
000008	(630.732, 286.891)	Franklin
000008	(874.114, 286.848)	Trevor
000009	(312.752, 218.226)	Michael
000009	(630.627, 286.870)	Franklin
000009	(874.111, 286.879)	Trevor
000010	(312.758, 218.185)	Michael
000010	(630.576, 286.871)	Franklin
000010	(871.336, 286.888)	Trevor
000011	(312.835, 218.095)	Michael
000011	(630.570, 286.912)	Franklin
000011	(871.299, 286.877)	Trevor
000012	(312.850, 218.074)	Michael
000012	(627.951, 286.903)	Franklin
000012	(871.266, 286.866)	Trevor
000013	(312.830, 215.397)	Michael
000013	(627.895, 286.943)	Franklin
000013	(868.446, 286.858)	Trevor
000014	(312.834, 215.390)	Michael
000014	(627.857, 286.984)	Franklin
000014	(868.425, 286.876)	Trevor
000015	(312.852, 215.437)	Michael
000015	(627.849, 287.013)	Franklin
000015	(868.478, 286.885)	Trevor
000016	(315.559, 215.473)	Michael
000016	(627.850, 287.085)	Franklin
000016	(868.429, 286.949)	Trevor
000017	(315.553, 215.434)	Michael
000017	(627.842, 289.774)	Franklin
000017	(868.475, 287.018)	Trevor
000018	(312.820, 215.344)	Michael
000018	(627.847, 289.815)	Franklin
000018	(868.408, 289.763)	Trevor
000019	(312.796, 215.331)	Michael
000019	(627.869, 289.891)	Franklin
000019	(868.403, 289.855)	Trevor
000020	(312.785, 215.344)	Michael
000020	(627.904, 292.645)	Franklin
000020	(868.489, 289.901)	Trevor
000021	(312.781, 215.417)	Michael
000021	(627.891, 292.724)	Franklin
000021	(871.277, 289.939)	Trevor
000022	(312.787, 215.442)	Michael
000022	(627.923, 292.694)	Franklin
000022	(871.296, 292.649)	Trevor
000023	(312.808, 215.459)	Michael
000023	(630.584, 292.755)	Franklin
000023	(871.293, 289.900)	Trevor
000024	(312.806, 215.419)	Michael
000024	(630.619, 295.528)	Franklin
000024	(874.137, 289.829)	Trevor
000025	(312.766, 215.373)	Michael
000025	(630.634, 292.711)	Franklin
000025	(876.963, 287.090)	Trevor
000026	(312.758, 215.354)	Michael
000026	(630.709, 289.873)	Franklin
000026	(877.051, 286.927)	Trevor
000027	(312.793, 215.390)	Michael
000027	(630.788, 289.847)	Franklin
000027	(879.760, 286.856)	Trevor
000028	(312.806, 215.403)	Michael
000028	(630.850, 287.082)	Franklin
000028	(879.769, 286.849)	Trevor
000029	(312.822, 215.380)	Michael
000029	(633.528, 287.000)	Franklin
000029	(879.828, 286.811)	Trevor
000030	(315.573, 215.324)	Michael
000030	(633.580, 286.913)	Franklin
000030	(879.902, 286.859)	Trevor
000031	(312.823, 215.339)	Michael
000031	(633.635, 287.006)	Franklin
000031	(880.004, 286.936)	Trevor
000032	(312.817, 215.347)	Michael
000032	(636.437, 287.081)	Franklin
000032	(882.653, 287.111)	Trevor
000033	(312.811, 215.387)	Michael
000033	(642.169, 287.123)	Franklin
000033	(882.824, 289.908)	Trevor
000034	(312.778, 215.460)	Michael
000034	(645.035, 289.826)	Franklin
000034	(882.879, 289.910)	Trevor
000035	(312.801, 218.115)	Michael
000035	(647.860, 292.673)	Franklin
000035	(882.894, 292.758)	Trevor
000036	(312.823, 215.467)	Michael
000036	(647.891, 292.693)	Franklin
000036	(882.913, 301.251)	Trevor
000037	(312.828, 215.441)	Michael
000037	(650.618, 295.588)	Franklin
000037	(885.634, 304.122)	Trevor
000038	(312.830, 218.082)	Michael
000038	(650.644, 301.244)	Franklin
000038	(888.461, 304.160)	Trevor
000039	(312.825, 218.146)	Michael
000039	(650.711, 304.059)	Franklin
000039	(888.483, 304.175)	Trevor
000040	(315.566, 218.104)	Michael
000040	(650.754, 304.113)	Franklin
000040	(891.357, 304.083)	Trevor
000041	(312.832, 215.438)	Michael
000041	(650.775, 304.129)	Franklin
000041	(894.205, 298.382)	Trevor
000042	(312.809, 215.391)	Michael
000042	(650.816, 304.178)	Franklin
000042	(894.197, 292.662)	Trevor
000043	(312.787, 215.422)	Michael
000043	(650.813, 304.042)	Franklin
000043	(891.420, 289.846)	Trevor
000044	(312.796, 215.436)	Michael
000044	(650.755, 298.355)	Franklin
000044	(888.517, 287.005)	Trevor
000045	(312.773, 218.177)	Michael
000045	(650.788, 292.669)	Franklin
000045	(885.751, 284.162)	Trevor
000046	(312.754, 218.128)	Michael
000046	(650.695, 289.822)	Franklin
000046	(885.668, 284.075)	Trevor
000047	(312.817, 215.447)	Michael
000047	(650.617, 287.016)	Franklin
000047	(882.920, 284.022)	Trevor
000048	(312.830, 215.390)	Michael
000048	(647.941, 286.856)	Franklin
000048	(882.860, 284.037)	Trevor
000049	(312.848, 215.371)	Michael
000049	(647.838, 284.213)	Franklin
000049	(882.770, 284.044)	Trevor
000050	(312.830, 215.373)	Michael
000050	(644.972, 284.211)	Franklin
000050	(882.667, 284.083)	Trevor
000051	(315.548, 215.421)	Michael
000051	(642.166, 284.169)	Franklin
000051	(879.938, 284.163)	Trevor
000052	(315.558, 215.446)	Michael
000052	(639.261, 284.215)	Franklin
000052	(879.847, 284.200)	Trevor
000053	(315.560, 215.435)	Michael
000053	(636.456, 286.823)	Franklin
000053	(879.836, 284.227)	Trevor
000054	(312.830, 215.354)	Michael
000054	(636.384, 286.834)	Franklin
000054	(879.761, 286.819)	Trevor
000055	(312.790, 215.336)	Michael
000055	(633.613, 286.890)	Franklin
000055	(877.023, 286.859)	Trevor
000056	(312.777, 215.334)	Michael
000056	(630.824, 286.840)	Franklin
000056	(874.197, 286.873)	Trevor
000057	(312.784, 215.377)	Michael
000057	(630.752, 286.907)	Franklin
000057	(874.109, 286.834)	Trevor
000058	(312.807, 215.421)	Michael
000058	(630.602, 286.876)	Franklin
000058	(874.126, 286.878)	Trevor
000059	(312.816, 218.089)	Michael
000059	(630.581, 286.874)	Franklin
000059	(871.338, 286.906)	Trevor
000060	(312.835, 215.379)	Michael
000060	(627.967, 286.932)	Franklin
000060	(871.269, 286.872)	Trevor
000061	(312.799, 215.325)	Michael
000061	(627.948, 286.969)	Franklin
000061	(871.261, 286.886)	Trevor
000062	(312.778, 215.378)	Michael
000062	(627.883, 286.986)	Franklin
000062	(868.427, 286.873)	Trevor
000063	(312.806, 215.362)	Michael
000063	(627.829, 286.982)	Franklin
000063	(868.409, 286.877)	Trevor
000064	(312.818, 215.377)	Michael
000064	(627.833, 287.035)	Franklin
000064	(868.456, 286.889)	Trevor
000065	(312.851, 215.409)	Michael
000065	(627.847, 287.120)	Franklin
000065	(865.653, 286.957)	Trevor
000066	(315.562, 215.288)	Michael
000066	(627.817, 289.839)	Franklin
000066	(868.467, 287.026)	Trevor
000067	(312.818, 215.319)	Michael
000067	(627.854, 289.842)	Franklin
000067	(868.412, 289.769)	Trevor
000068	(312.796, 215.331)	Michael
000068	(627.881, 289.882)	Franklin
000068	(868.408, 289.874)	Trevor
000069	(312.778, 215.374)	Michael
000069	(627.907, 289.936)	Franklin
000069	(868.470, 289.933)	Trevor
000070	(312.772, 215.410)	Michael
000070	(627.893, 292.732)	Franklin
000070	(868.487, 292.661)	Trevor
000071	(312.778, 218.125)	Michael
000071	(627.936, 292.678)	Franklin
000071	(871.293, 292.684)	Trevor
000072	(312.809, 215.439)	Michael
000072	(630.590, 292.745)	Franklin
000072	(871.275, 289.910)	Trevor
000073	(312.793, 215.450)	Michael
000073	(630.623, 295.535)	Franklin
000073	(874.127, 289.814)	Trevor
000074	(312.806, 218.104)	Michael
000074	(630.632, 292.709)	Franklin
000074	(876.972, 287.079)	Trevor
000075	(312.810, 218.184)	Michael
000075	(630.691, 289.879)	Franklin
000075	(877.047, 286.937)	Trevor
000076	(315.555, 218.100)	Michael
000076	(630.795, 289.851)	Franklin
000076	(879.773, 286.858)	Trevor
000077	(312.816, 215.408)	Michael
000077	(630.837, 287.085)	Franklin
000077	(879.774, 286.833)	Trevor
000078	(312.799, 215.398)	Michael
000078	(633.540, 287.028)	Franklin
000078	(879.845, 284.230)	Trevor
000079	(312.786, 215.392)	Michael
000079	(633.562, 286.924)	Franklin
000079	(879.899, 286.858)	Trevor
000080	(312.779, 215.429)	Michael
000080	(633.623, 286.991)	Franklin
000080	(880.008, 286.962)	Trevor
000081	(312.736, 218.191)	Michael
000081	(636.449, 287.069)	Franklin
000081	(882.662, 287.115)	Trevor
000082	(312.751, 218.107)	Michael
000082	(642.178, 289.765)	Franklin
000082	(882.828, 289.898)	Trevor
000083	(312.824, 218.097)	Michael
000083	(645.051, 289.866)	Franklin
000083	(882.863, 289.923)	Trevor
000084	(312.840, 215.409)	Michael
000084	(647.878, 292.679)	Franklin
000084	(882.898, 292.740)	Trevor
000085	(312.845, 215.385)	Michael
000085	(647.905, 292.680)	Franklin
000085	(882.926, 301.256)	Trevor
000086	(312.834, 215.380)	Michael
000086	(650.623, 295.589)	Franklin
000086	(885.626, 304.123)	Trevor
000087	(312.838, 215.435)	Michael
000087	(650.649, 301.238)	Franklin
000087	(888.509, 304.191)	Trevor
000088	(315.554, 215.455)	Michael
000088	(650.728, 304.051)	Franklin
000088	(888.539, 304.190)	Trevor
000089	(312.852, 215.458)	Michael
000089	(650.754, 304.110)	Franklin
000089	(891.399, 304.066)	Trevor
000090	(312.833, 215.370)	Michael
000090	(650.797, 304.142)	Franklin
000090	(894.180, 298.394)	Trevor
000091	(312.809, 215.347)	Michael
000091	(650.823, 304.159)	Franklin
000091	(894.223, 292.676)	Trevor
000092	(312.778, 215.342)	Michael
000092	(650.825, 304.051)	Franklin
000092	(891.405, 289.854)	Trevor
000093	(312.778, 215.394)	Michael
000093	(650.756, 295.602)	Franklin
000093	(888.497, 286.991)	Trevor
000094	(312.795, 215.443)	Michael
000094	(650.796, 292.682)	Franklin
000094	(885.742, 284.174)	Trevor
000095	(312.811, 218.088)	Michael
000095	(650.708, 289.812)	Franklin
000095	(885.657, 284.078)	Trevor
000096	(312.837, 215.397)	Michael
000096	(650.619, 287.000)	Franklin
000096	(882.916, 284.032)	Trevor
000097	(312.785, 215.350)	Michael
000097	(650.581, 286.865)	Franklin
000097	(882.858, 284.043)	Trevor
000098	(312.753, 215.361)	Michael
000098	(647.822, 284.222)	Franklin
000098	(882.780, 284.049)	Trevor
000099	(312.780, 215.385)	Michael
000099	(644.983, 284.220)	Franklin
000099	(882.680, 284.090)	Trevor
000100	(312.790, 215.415)	Michael
000100	(642.131, 284.204)	Franklin
000100	(879.932, 284.179)	Trevor
000101	(312.818, 215.405)	Michael
000101	(639.273, 286.823)	Franklin
000101	(879.857, 284.228)	Trevor
000102	(315.565, 215.296)	Michael
000102	(636.457, 286.838)	Franklin
000102	(879.833, 284.233)	Trevor
000103	(312.803, 215.302)	Michael
000103	(636.408, 286.840)	Franklin
000103	(879.762, 286.833)	Trevor
000104	(312.792, 215.332)	Michael
000104	(633.627, 286.898)	Franklin
000104	(877.013, 286.844)	Trevor
000105	(312.759, 215.372)	Michael
000105	(630.816, 286.877)	Franklin
000105	(874.167, 286.864)	Trevor
000106	(312.766, 215.430)	Michael
000106	(630.758, 286.911)	Franklin
000106	(874.112, 286.840)	Trevor
000107	(312.792, 218.102)	Michael
000107	(630.671, 286.906)	Franklin
000107	(874.111, 286.866)	Trevor
000108	(312.795, 215.437)	Michael
000108	(630.585, 286.881)	Franklin
000108	(871.335, 286.896)	Trevor
000109	(312.792, 215.406)	Michael
000109	(630.574, 286.933)	Franklin
000109	(871.290, 286.873)	Trevor
000110	(312.810, 218.095)	Michael
000110	(627.945, 286.955)	Franklin
000110	(871.259, 286.876)	Trevor
000111	(312.805, 218.187)	Michael
000111	(627.880, 286.966)	Franklin
000111	(868.456, 286.889)	Trevor
000112	(312.842, 218.121)	Michael
000112	(627.839, 286.998)	Franklin
000112	(868.418, 286.825)	Trevor
000113	(312.823, 215.431)	Michael
000113	(627.831, 287.042)	Franklin
000113	(868.462, 286.907)	Trevor
000114	(312.792, 215.365)	Michael
000114	(627.839, 289.768)	Franklin
000114	(865.653, 286.964)	Trevor
000115	(312.775, 215.411)	Michael
000115	(627.831, 289.801)	Franklin
000115	(868.478, 287.034)	Trevor
000116	(312.784, 215.416)	Michael
000116	(627.849, 289.818)	Franklin
000116	(865.671, 289.772)	Trevor
000117	(312.733, 218.175)	Michael
000117	(627.875, 289.863)	Franklin
000117	(868.410, 289.886)	Trevor
000118	(312.741, 218.132)	Michael
000118	(627.896, 292.640)	Franklin
000118	(868.473, 292.634)	Trevor
000119	(312.820, 218.093)	Michael
000119	(627.881, 292.746)	Franklin
000119	(868.498, 292.680)	Trevor
000120	(312.825, 215.405)	Michael
000120	(627.929, 292.695)	Franklin
000120	(871.336, 292.700)	Trevor
000121	(312.843, 215.372)	Michael
000121	(630.582, 292.738)	Franklin
000121	(871.308, 289.909)	Trevor
000122	(312.831, 215.371)	Michael
000122	(630.623, 295.511)	Franklin
000122	(874.124, 289.850)	Trevor
000123	(312.849, 215.454)	Michael
000123	(630.634, 292.686)	Franklin
000123	(876.950, 287.094)	Trevor
000124	(312.852, 215.450)	Michael
000124	(630.697, 289.871)	Franklin
000124	(877.025, 286.943)	Trevor
000125	(315.575, 215.409)	Michael
000125	(630.796, 289.849)	Franklin
000125	(879.756, 286.851)	Trevor
000126	(312.819, 215.336)	Michael
000126	(630.852, 287.071)	Franklin
000126	(879.782, 286.829)	Trevor
000127	(312.804, 215.317)	Michael
000127	(633.531, 287.014)	Franklin
000127	(879.840, 284.219)	Trevor
000128	(312.782, 215.324)	Michael
000128	(633.560, 286.934)	Franklin
000128	(879.901, 286.869)	Trevor
000129	(312.789, 215.413)	Michael
000129	(633.656, 287.014)	Franklin
000129	(880.010, 286.969)	Trevor
000130	(312.830, 215.426)	Michael
000130	(636.449, 287.068)	Franklin
000130	(882.665, 287.119)	Trevor
000131	(312.817, 218.099)	Michael
000131	(642.199, 287.086)	Franklin
000131	(882.826, 289.920)	Trevor
000132	(312.827, 215.391)	Michael
000132	(645.051, 289.851)	Franklin
000132	(882.863, 289.929)	Trevor
000133	(312.781, 215.340)	Michael
000133	(647.852, 292.675)	Franklin
000133	(882.888, 295.497)	Trevor
000134	(312.770, 215.371)	Michael
000134	(647.905, 292.719)	Franklin
000134	(882.906, 301.235)	Trevor
000135	(312.780, 215.383)	Michael
000135	(650.626, 295.608)	Franklin
000135	(885.646, 304.145)	Trevor
000136	(312.799, 215.424)	Michael
000136	(650.643, 301.237)	Franklin
000136	(888.517, 304.169)	Trevor
000137	(312.829, 215.414)	Michael
000137	(650.729, 304.069)	Franklin
000137	(888.530, 304.184)	Trevor
000138	(315.580, 215.302)	Michael
000138	(650.774, 304.137)	Franklin
000138	(891.377, 304.089)	Trevor
000139	(312.819, 215.314)	Michael
000139	(650.817, 304.161)	Franklin
000139	(894.233, 298.419)	Trevor
000140	(312.793, 215.351)	Michael
000140	(650.838, 306.831)	Franklin
000140	(894.200, 292.695)	Trevor
000141	(312.774, 215.378)	Michael
000141	(650.824, 304.077)	Franklin
000141	(891.428, 289.868)	Trevor
000142	(312.771, 215.435)	Michael
000142	(650.781, 298.381)	Franklin
000142	(888.498, 286.994)	Trevor
000143	(312.779, 218.127)	Michael
000143	(650.803, 292.664)	Franklin
000143	(885.756, 284.201)	Trevor
000144	(312.799, 215.447)	Michael
000144	(650.700, 289.810)	Franklin
000144	(885.670, 284.073)	Trevor
000145	(312.796, 215.457)	Michael
000145	(650.604, 287.024)	Franklin
000145	(882.914, 284.046)	Trevor
000146	(312.808, 218.109)	Michael
000146	(647.943, 286.869)	Franklin
000146	(882.866, 284.046)	Trevor
000147	(312.781, 218.199)	Michael
000147	(647.838, 286.821)	Franklin
000147	(882.772, 284.041)	Trevor
000148	(312.841, 218.111)	Michael
000148	(644.978, 286.835)	Franklin
000148	(882.675, 284.074)	Trevor
000149	(312.808, 215.424)	Michael
000149	(642.143, 284.193)	Franklin
000149	(879.936, 284.167)	Trevor
000150	(312.814, 215.397)	Michael
000150	(642.133, 284.182)	Franklin
000150	(879.960, 286.833)	Trevor
000151	(312.779, 215.414)	Michael
000151	(639.244, 286.813)	Franklin
000151	(879.953, 286.911)	Trevor
000152	(312.773, 215.411)	Michael
000152	(639.266, 286.987)	Franklin
000152	(879.977, 286.985)	Trevor
000153	(312.739, 218.172)	Michael
000153	(636.413, 287.059)	Franklin
000153	(880.015, 287.063)	Trevor
000154	(312.759, 218.126)	Michael
000154	(636.448, 287.086)	Franklin
000154	(882.678, 287.099)	Trevor
000155	(312.821, 218.092)	Michael
000155	(636.424, 289.831)	Franklin
000155	(882.705, 289.765)	Trevor
000156	(312.855, 215.464)	Michael
000156	(636.421, 289.884)	Franklin
000156	(882.787, 289.825)	Trevor
000157	(312.852, 215.423)	Michael
000157	(636.463, 289.891)	Franklin
000157	(882.849, 289.854)	Trevor
000158	(312.847, 215.454)	Michael
000158	(636.468, 289.903)	Franklin
000158	(882.873, 289.870)	Trevor
000159	(312.848, 215.463)	Michael
000159	(636.479, 289.906)	Franklin
000159	(882.872, 289.867)	Trevor
000160	(312.844, 218.101)	Michael
000160	(636.473, 289.913)	Franklin
000160	(882.872, 289.865)	Trevor
000161	(315.564, 215.416)	Michael
000161	(636.477, 289.914)	Franklin
000161	(882.875, 289.865)	Trevor
000162	(312.822, 215.370)	Michael
000162	(636.480, 289.908)	Franklin
000162	(882.876, 289.859)	Trevor
000163	(312.820, 215.355)	Michael
000163	(636.479, 289.882)	Franklin
000163	(882.876, 289.859)	Trevor
000164	(312.793, 215.342)	Michael
000164	(636.437, 289.910)	Franklin
000164	(882.883, 289.856)	Trevor
000165	(312.765, 215.420)	Michael
000165	(636.450, 289.906)	Franklin
000165	(882.880, 289.854)	Trevor
000166	(312.772, 218.075)	Michael
000166	(636.420, 289.914)	Franklin
000166	(882.884, 289.853)	Trevor
000167	(312.808, 218.099)	Michael
000167	(636.406, 289.908)	Franklin
000167	(882.892, 289.847)	Trevor
000168	(312.803, 215.421)	Michael
000168	(636.400, 289.913)	Franklin
000168	(882.891, 289.845)	Trevor
000169	(312.767, 215.387)	Michael
000169	(636.385, 289.914)	Franklin
000169	(882.891, 289.847)	Trevor
000170	(312.748, 215.394)	Michael
000170	(636.378, 289.915)	Franklin
000170	(882.895, 289.855)	Trevor
000171	(312.784, 215.406)	Michael
000171	(633.686, 289.922)	Franklin
000171	(882.893, 289.856)	Trevor
000172	(312.783, 215.443)	Michael
000172	(633.687, 289.923)	Franklin
000172	(882.888, 289.867)	Trevor
000173	(312.816, 215.436)	Michael
000173	(633.685, 289.923)	Franklin
000173	(882.887, 289.868)	Trevor
000174	(315.548, 215.323)	Michael
000174	(633.683, 289.925)	Franklin
000174	(882.885, 289.870)	Trevor
000175	(312.781, 215.358)	Michael
000175	(633.660, 289.925)	Franklin
000175	(882.886, 289.877)	Trevor
000176	(312.786, 215.368)	Michael
000176	(633.665, 289.923)	Franklin
000176	(882.889, 289.876)	Trevor
000177	(312.767, 215.403)	Michael
000177	(633.670, 289.921)	Franklin
000177	(882.891, 289.872)	Trevor
000178	(312.772, 215.453)	Michael
000178	(633.662, 289.924)	Franklin
000178	(882.895, 289.874)	Trevor
000179	(312.759, 218.131)	Michael
000179	(633.654, 289.921)	Franklin
000179	(882.894, 289.874)	Trevor
000180	(312.793, 215.463)	Michael
000180	(633.647, 289.940)	Franklin
000180	(882.888, 289.869)	Trevor
000181	(312.787, 215.451)	Michael
000181	(633.644, 289.940)	Franklin
000181	(882.886, 289.868)	Trevor
000182	(312.797, 218.135)	Michael
000182	(633.643, 292.632)	Franklin
000182	(882.884, 289.869)	Trevor
000183	(312.787, 218.225)	Michael
000183	(633.641, 292.640)	Franklin
000183	(882.887, 289.862)	Trevor
000184	(312.845, 218.149)	Michael
000184	(633.636, 292.646)	Franklin
000184	(882.892, 289.863)	Trevor
000185	(312.809, 218.075)	Michael
000185	(633.631, 292.635)	Franklin
000185	(882.895, 289.864)	Trevor
000186	(312.788, 215.444)	Michael
000186	(633.625, 292.635)	Franklin
000186	(882.891, 289.867)	Trevor
000187	(312.786, 215.444)	Michael
000187	(633.622, 292.638)	Franklin
000187	(882.880, 289.866)	Trevor
000188	(312.774, 215.440)	Michael
000188	(633.622, 292.635)	Franklin
000188	(882.871, 289.864)	Trevor
000189	(312.766, 218.186)	Michael
000189	(633.613, 292.633)	Franklin
000189	(882.867, 289.863)	Trevor
000190	(312.770, 218.157)	Michael
000190	(633.602, 292.638)	Franklin
000190	(882.862, 289.862)	Trevor
000191	(312.829, 218.119)	Michael
000191	(633.596, 292.635)	Franklin
000191	(882.859, 289.858)	Trevor
000192	(312.836, 218.093)	Michael
000192	(633.596, 292.643)	Franklin
000192	(882.852, 289.859)	Trevor
000193	(312.844, 215.412)	Michael
000193	(633.595, 292.639)	Franklin
000193	(882.850, 289.861)	Trevor
000194	(312.824, 215.437)	Michael
000194	(633.593, 292.645)	Franklin
000194	(882.850, 289.864)	Trevor
000195	(312.844, 218.089)	Michael
000195	(633.594, 292.649)	Franklin
000195	(882.843, 289.865)	Trevor
000196	(312.843, 218.108)	Michael
000196	(633.595, 292.653)	Franklin
000196	(882.836, 289.860)	Trevor
000197	(312.839, 215.418)	Michael
000197	(633.598, 292.654)	Franklin
000197	(882.830, 289.863)	Trevor
000198	(312.809, 215.379)	Michael
000198	(633.606, 292.651)	Franklin
000198	(882.825, 289.863)	Trevor
000199	(312.791, 215.382)	Michael
000199	(633.611, 292.649)	Franklin
000199	(882.822, 289.859)	Trevor
000200	(312.772, 215.390)	Michael
000200	(633.610, 292.654)	Franklin
000200	(882.818, 289.862)	Trevor
000201	(312.768, 215.421)	Michael
000201	(633.618, 292.647)	Franklin
000201	(882.814, 289.868)	Trevor
000202	(312.784, 215.446)	Michael
000202	(633.619, 292.662)	Franklin
000202	(882.813, 289.865)	Trevor
000203	(312.805, 218.109)	Michael
000203	(633.626, 292.669)	Franklin
000203	(882.814, 289.869)	Trevor
000204	(312.800, 215.399)	Michael
000204	(633.637, 292.679)	Franklin
000204	(882.803, 289.872)	Trevor
000205	(312.776, 215.372)	Michael
000205	(633.640, 292.674)	Franklin
000205	(882.804, 289.876)	Trevor
000206	(312.745, 215.394)	Michael
000206	(633.657, 292.661)	Franklin
000206	(882.807, 289.874)	Trevor
000207	(312.773, 215.399)	Michael
000207	(633.670, 292.660)	Franklin
000207	(882.807, 289.875)	Trevor
000208	(312.773, 215.436)	Michael
000208	(633.674, 292.640)	Franklin
000208	(882.806, 289.875)	Trevor
000209	(312.819, 215.443)	Michael
000209	(633.662, 292.637)	Franklin
000209	(882.798, 289.872)	Trevor
000210	(315.556, 215.310)	Michael
000210	(636.386, 289.941)	Franklin
000210	(882.782, 289.867)	Trevor
000211	(312.801, 215.358)	Michael
000211	(636.389, 289.939)	Franklin
000211	(882.730, 289.824)	Trevor
000212	(312.782, 215.373)	Michael
000212	(636.399, 289.936)	Franklin
000212	(882.691, 289.815)	Trevor
000213	(312.759, 215.411)	Michael
000213	(636.397, 289.936)	Franklin
000213	(882.692, 289.817)	Trevor
000214	(312.751, 215.468)	Michael
000214	(636.408, 289.932)	Franklin
000214	(882.711, 289.806)	Trevor
000215	(312.787, 218.140)	Michael
000215	(636.410, 289.932)	Franklin
000215	(882.736, 289.791)	Trevor
000216	(312.787, 218.102)	Michael
000216	(636.421, 289.932)	Franklin
000216	(882.771, 289.767)	Trevor
000217	(312.773, 218.079)	Michael
000217	(636.428, 289.936)	Franklin
000217	(882.820, 287.128)	Trevor
000218	(312.822, 218.117)	Michael
000218	(636.432, 289.933)	Franklin
000218	(882.946, 287.128)	Trevor
000219	(312.818, 218.241)	Michael
000219	(636.428, 289.928)	Franklin
000219	(885.610, 287.111)	Trevor
000220	(315.549, 218.127)	Michael
000220	(636.423, 289.932)	Franklin
000220	(885.611, 287.078)	Trevor
000221	(312.802, 215.461)	Michael
000221	(636.425, 289.937)	Franklin
000221	(885.596, 287.055)	Trevor
000222	(312.786, 215.421)	Michael
000222	(636.433, 289.938)	Franklin
000222	(882.867, 287.079)	Trevor
000223	(312.760, 215.461)	Michael
000223	(636.436, 292.642)	Franklin
000223	(882.818, 289.815)	Trevor
000224	(312.768, 215.471)	Michael
000224	(636.434, 292.646)	Franklin
000224	(882.653, 289.919)	Trevor
000225	(312.742, 218.176)	Michael
000225	(636.424, 292.645)	Franklin
000225	(879.871, 292.646)	Trevor
000226	(312.751, 218.168)	Michael
000226	(636.458, 289.937)	Franklin
000226	(877.028, 292.739)	Trevor
000227	(312.808, 218.100)	Michael
000227	(639.259, 289.896)	Franklin
000227	(865.658, 289.891)	Trevor
000228	(312.851, 218.112)	Michael
000228	(636.506, 289.894)	Franklin
000228	(862.699, 289.846)	Trevor
000229	(312.840, 215.407)	Michael
000229	(636.448, 289.906)	Franklin
000229	(859.822, 287.019)	Trevor
000230	(312.839, 215.420)	Michael
000230	(636.401, 289.926)	Franklin
000230	(856.977, 286.831)	Trevor
000231	(312.855, 218.098)	Michael
000231	(633.672, 289.901)	Franklin
000231	(854.160, 283.991)	Trevor
000232	(312.845, 218.118)	Michael
000232	(633.681, 289.901)	Franklin
000232	(845.544, 281.113)	Trevor
000233	(315.554, 215.466)	Michael
000233	(636.480, 289.916)	Franklin
000233	(839.839, 269.806)	Trevor
000234	(312.846, 215.422)	Michael
000234	(642.132, 289.920)	Franklin
000234	(837.064, 266.923)	Trevor
000235	(312.821, 215.392)	Michael
000235	(647.860, 289.923)	Franklin
000235	(836.892, 264.174)	Trevor
000236	(312.798, 215.374)	Michael
000236	(650.731, 289.887)	Franklin
000236	(834.124, 264.200)	Trevor
000237	(312.796, 215.425)	Michael
000237	(653.533, 292.707)	Franklin
000237	(833.910, 264.137)	Trevor
000238	(312.805, 215.456)	Michael
000238	(653.781, 295.519)	Franklin
000238	(822.632, 264.167)	Trevor
000239	(312.808, 218.104)	Michael
000239	(665.040, 298.444)	Franklin
000239	(816.922, 266.861)	Trevor
000240	(312.821, 215.387)	Michael
000240	(673.593, 301.296)	Franklin
000240	(814.071, 266.865)	Trevor
000241	(312.788, 215.358)	Michael
000241	(676.599, 298.453)	Franklin
000241	(811.270, 266.854)	Trevor
000242	(312.761, 215.371)	Michael
000242	(685.184, 298.363)	Franklin
000242	(811.055, 264.104)	Trevor
000243	(312.783, 215.389)	Michael
000243	(696.515, 295.547)	Franklin
000243	(805.390, 261.258)	Trevor
000244	(312.784, 215.421)	Michael
000244	(699.534, 289.891)	Franklin
000244	(793.988, 261.028)	Trevor
000245	(312.824, 215.428)	Michael
000245	(710.877, 287.007)	Franklin
000245	(788.359, 252.525)	Trevor
000246	(315.562, 215.304)	Michael
000246	(719.336, 284.166)	Franklin
000246	(788.103, 243.932)	Trevor
000247	(312.801, 215.352)	Michael
000247	(719.494, 284.095)	Franklin
000247	(779.595, 238.372)	Trevor
000248	(312.787, 215.366)	Michael
000248	(719.581, 284.136)	Franklin
000248	(768.341, 238.132)	Trevor
000249	(312.773, 215.398)	Michael
000249	(765.454, 229.670)	Trevor
000250	(312.786, 218.095)	Michael
000250	(765.221, 226.817)	Trevor
000251	(312.815, 218.127)	Michael
000251	(748.244, 229.608)	Trevor
000252	(312.786, 218.082)	Michael
000252	(745.241, 226.844)	Trevor
000253	(312.776, 215.457)	Michael
000253	(742.354, 232.484)	Trevor
000254	(312.793, 218.115)	Michael
000254	(736.642, 232.464)	Trevor
000255	(312.813, 218.197)	Michael
000255	(722.503, 232.451)	Trevor
000256	(312.825, 218.149)	Michael
000256	(719.602, 229.633)	Trevor
000256	(788.270, 281.231)	Franklin
000257	(312.777, 218.097)	Michael
000257	(713.714, 226.851)	Trevor
000257	(791.039, 281.229)	Franklin
000258	(312.802, 218.073)	Michael
000258	(699.613, 223.961)	Trevor
000258	(796.825, 278.293)	Franklin
000259	(312.772, 218.107)	Michael
000259	(699.398, 218.335)	Trevor
000259	(811.111, 272.612)	Franklin
000260	(312.773, 215.460)	Michael
000260	(693.760, 215.449)	Trevor
000260	(814.135, 269.763)	Franklin
000261	(312.746, 218.220)	Michael
000261	(687.968, 212.405)	Trevor
000261	(831.239, 264.138)	Franklin
000262	(312.746, 218.173)	Michael
000262	(682.324, 203.870)	Trevor
000262	(842.676, 261.298)	Franklin
000263	(312.801, 218.091)	Michael
000263	(679.406, 198.128)	Trevor
000263	(859.857, 258.337)	Franklin
000264	(312.850, 218.121)	Michael
000264	(676.676, 195.299)	Trevor
000264	(879.774, 249.737)	Franklin
000265	(312.834, 215.449)	Michael
000265	(676.456, 195.163)	Trevor
000265	(885.727, 241.174)	Franklin
000266	(312.846, 215.438)	Michael
000266	(673.803, 192.499)	Trevor
000266	(905.593, 238.287)	Franklin
000267	(315.550, 218.115)	Michael
000267	(673.798, 192.324)	Trevor
000267	(922.913, 238.300)	Franklin
000268	(312.842, 218.126)	Michael
000268	(673.730, 189.610)	Trevor
000268	(940.012, 241.029)	Franklin
000269	(312.831, 215.425)	Michael
000269	(673.633, 186.704)	Trevor
000269	(951.415, 238.375)	Franklin
000270	(312.831, 215.403)	Michael
000270	(673.661, 189.498)	Trevor
000270	(965.803, 240.997)	Franklin
000271	(312.820, 215.407)	Michael
000271	(673.715, 183.881)	Trevor
000271	(971.643, 241.042)	Franklin
000272	(312.800, 215.390)	Michael
000272	(673.729, 178.116)	Trevor
000272	(980.231, 241.023)	Franklin
000273	(312.807, 215.411)	Michael
000273	(673.698, 175.339)	Trevor
000273	(994.602, 241.014)	Franklin
000274	(1005.976, 238.130)	Franklin
000274	(312.804, 215.436)	Michael
000274	(673.614, 175.214)	Trevor
000275	(1020.359, 235.376)	Franklin
000275	(312.819, 218.090)	Michael
000275	(673.577, 175.218)	Trevor
000276	(1028.891, 221.182)	Franklin
000276	(312.816, 215.400)	Michael
000276	(673.578, 175.214)	Trevor
000277	(1040.400, 218.153)	Franklin
000277	(312.785, 215.396)	Michael
000277	(673.567, 172.533)	Trevor
000278	(1054.628, 215.334)	Franklin
000278	(312.743, 215.370)	Michael
000278	(673.510, 172.479)	Trevor
000279	(1063.312, 215.234)	Franklin
000279	(312.769, 215.372)	Michael
000279	(670.803, 172.517)	Trevor
000280	(1068.964, 209.637)	Franklin
000280	(312.759, 215.433)	Michael
000280	(670.772, 172.501)	Trevor
000281	(1086.254, 212.492)	Franklin
000281	(312.821, 215.448)	Michael
000281	(670.728, 175.206)	Trevor
000282	(1091.854, 209.646)	Franklin
000282	(315.553, 215.299)	Michael
000282	(670.688, 175.267)	Trevor
000283	(1100.444, 209.534)	Franklin
000283	(312.813, 215.370)	Michael
000283	(667.930, 175.318)	Trevor
000284	(1106.253, 203.900)	Franklin
000284	(312.792, 215.372)	Michael
000284	(667.890, 175.309)	Trevor
000285	(1109.203, 201.087)	Franklin
000285	(312.782, 215.434)	Michael
000285	(665.091, 175.319)	Trevor
000286	(1109.148, 201.000)	Franklin
000286	(312.768, 218.084)	Michael
000286	(662.262, 175.358)	Trevor
000287	(1109.068, 198.259)	Franklin
000287	(312.789, 218.085)	Michael
000287	(665.031, 175.354)	Trevor
000288	(1109.106, 200.984)	Franklin
000288	(312.805, 215.471)	Michael
000288	(662.256, 178.075)	Trevor
000289	(1109.193, 201.037)	Franklin
000289	(312.787, 215.442)	Michael
000289	(662.251, 178.067)	Trevor
000290	(1109.176, 203.835)	Franklin
000290	(312.794, 215.468)	Michael
000290	(662.225, 178.066)	Trevor
000291	(1111.891, 203.909)	Franklin
000291	(312.800, 218.177)	Michael
000291	(662.223, 178.055)	Trevor
000292	(1112.079, 206.795)	Franklin
000292	(312.814, 218.097)	Michael
000292	(662.181, 178.061)	Trevor
000293	(1117.643, 209.585)	Franklin
000293	(312.806, 215.459)	Michael
000293	(662.167, 178.083)	Trevor
000294	(1117.672, 209.643)	Franklin
000294	(312.799, 215.422)	Michael
000294	(662.163, 178.058)	Trevor
000295	(1117.695, 209.648)	Franklin
000295	(312.780, 215.448)	Michael
000295	(662.171, 175.342)	Trevor
000296	(1117.643, 212.362)	Franklin
000296	(312.773, 215.456)	Michael
000296	(662.160, 175.320)	Trevor
000297	(1114.923, 209.656)	Franklin
000297	(312.756, 218.175)	Michael
000297	(662.163, 175.313)	Trevor
000298	(1114.854, 209.581)	Franklin
000298	(312.739, 218.154)	Michael
000298	(659.420, 175.317)	Trevor
000299	(1114.785, 209.600)	Franklin
000299	(312.797, 218.105)	Michael
000299	(659.412, 175.313)	Trevor
000300	(1111.949, 212.404)	Franklin
000300	(312.853, 218.117)	Michael
000300	(659.406, 175.309)	Trevor
000301	(1109.125, 212.401)	Franklin
000301	(312.855, 215.426)	Michael
000301	(659.366, 175.348)	Trevor
000302	(1109.014, 212.470)	Franklin
000302	(312.842, 215.412)	Michael
000302	(659.354, 178.104)	Trevor
000303	(1103.275, 212.460)	Franklin
000303	(312.854, 215.472)	Michael
000303	(656.563, 178.175)	Trevor
000304	(1094.832, 212.483)	Franklin
000304	(312.833, 218.111)	Michael
000304	(656.422, 180.930)	Trevor
000305	(1094.722, 212.504)	Franklin
000305	(315.556, 215.393)	Michael
000305	(653.670, 180.968)	Trevor
000306	(1091.933, 212.502)	Franklin
000306	(312.828, 215.387)	Michael
000306	(653.512, 183.785)	Trevor
000307	(1091.844, 212.472)	Franklin
000307	(312.821, 215.367)	Michael
000307	(650.793, 186.672)	Trevor
000308	(1089.188, 212.443)	Franklin
000308	(312.789, 215.354)	Michael
000308	(650.679, 189.451)	Trevor
000309	(1091.834, 212.414)	Franklin
000309	(312.795, 215.365)	Michael
000309	(650.610, 189.550)	Trevor
000310	(1091.888, 212.425)	Franklin
000310	(312.810, 215.409)	Michael
000310	(650.619, 189.506)	Trevor
000311	(1091.928, 212.434)	Franklin
000311	(312.821, 218.084)	Michael
000311	(650.619, 189.554)	Trevor
000312	(1094.788, 212.424)	Franklin
000312	(312.819, 215.400)	Michael
000312	(650.627, 189.493)	Trevor
000313	(1100.485, 212.472)	Franklin
000313	(312.772, 215.357)	Michael
000313	(650.674, 189.491)	Trevor
000314	(1106.157, 212.440)	Franklin
000314	(312.747, 215.393)	Michael
000314	(650.783, 189.570)	Trevor
000315	(1108.986, 209.627)	Franklin
000315	(312.770, 215.394)	Michael
000315	(650.822, 189.585)	Trevor
000316	(1109.132, 206.760)	Franklin
000316	(312.766, 215.449)	Michael
000316	(653.668, 189.560)	Trevor
000317	(1111.979, 209.531)	Franklin
000317	(312.807, 215.443)	Michael
000317	(653.760, 189.587)	Trevor
000318	(1114.805, 206.744)	Franklin
000318	(312.835, 215.332)	Michael
000318	(656.570, 189.597)	Trevor
000319	(1117.679, 206.775)	Franklin
000319	(312.792, 215.397)	Michael
000319	(662.254, 189.554)	Trevor
000320	(1117.715, 206.768)	Franklin
000320	(312.778, 215.388)	Michael
000320	(670.713, 189.569)	Trevor
000321	(1117.639, 206.763)	Franklin
000321	(312.765, 215.433)	Michael
000321	(670.856, 189.564)	Trevor
000322	(1114.825, 209.542)	Franklin
000322	(312.774, 218.084)	Michael
000322	(673.616, 189.486)	Trevor
000323	(1112.034, 203.932)	Franklin
000323	(312.796, 218.134)	Michael
000323	(673.743, 189.483)	Trevor
000324	(1111.986, 203.933)	Franklin
000324	(312.775, 218.089)	Michael
000324	(676.563, 189.454)	Trevor
000325	(1109.102, 212.405)	Franklin
000325	(312.779, 215.461)	Michael
000325	(676.695, 189.433)	Trevor
000326	(1109.037, 212.401)	Franklin
000326	(312.800, 218.109)	Michael
000326	(679.391, 186.689)	Trevor
000327	(1109.010, 212.391)	Franklin
000327	(312.823, 218.216)	Michael
000327	(679.367, 186.709)	Trevor
000328	(1106.259, 212.388)	Franklin
000328	(312.826, 218.132)	Michael
000328	(679.386, 186.703)	Trevor
000329	(1106.231, 212.401)	Franklin
000329	(312.802, 218.073)	Michael
000329	(679.394, 186.637)	Trevor
000330	(1106.164, 212.403)	Franklin
000330	(312.800, 215.433)	Michael
000330	(679.364, 186.639)	Trevor
000331	(1103.388, 212.362)	Franklin
000331	(312.773, 215.441)	Michael
000331	(676.676, 186.622)	Trevor
000332	(1103.299, 212.357)	Franklin
000332	(312.780, 215.440)	Michael
000332	(676.567, 186.672)	Trevor
000333	(1100.519, 209.655)	Franklin
000333	(312.759, 218.162)	Michael
000333	(673.773, 186.643)	Trevor
000334	(1100.497, 209.653)	Franklin
000334	(312.731, 218.125)	Michael
000334	(673.567, 186.736)	Trevor
000335	(1100.457, 212.373)	Franklin
000335	(312.805, 218.096)	Michael
000335	(670.825, 189.490)	Trevor
000336	(1100.483, 212.360)	Franklin
000336	(312.840, 218.134)	Michael
000336	(670.704, 189.476)	Trevor
000337	(1100.524, 212.385)	Franklin
000337	(315.554, 215.416)	Michael
000337	(659.343, 189.526)	Trevor
000338	(1106.090, 212.422)	Franklin
000338	(312.841, 215.419)	Michael
000338	(656.453, 189.490)	Trevor
000339	(1106.227, 212.441)	Franklin
000339	(312.849, 218.090)	Michael
000339	(653.688, 189.505)	Trevor
000340	(1108.956, 212.408)	Franklin
000340	(312.827, 218.123)	Michael
000340	(650.879, 189.493)	Trevor
000341	(1109.005, 212.425)	Franklin
000341	(312.841, 215.421)	Michael
000341	(650.794, 189.504)	Trevor
000342	(1109.133, 212.385)	Franklin
000342	(312.857, 215.385)	Michael
000342	(650.733, 189.468)	Trevor
000343	(1111.836, 209.653)	Franklin
000343	(312.807, 215.351)	Michael
000343	(650.709, 189.471)	Trevor
000344	(1111.953, 209.603)	Franklin
000344	(312.781, 215.373)	Michael
000344	(650.633, 189.429)	Trevor
000345	(1112.089, 209.603)	Franklin
000345	(312.783, 215.396)	Michael
000345	(650.592, 186.741)	Trevor
000346	(1114.902, 209.591)	Franklin
000346	(312.812, 215.405)	Michael
000346	(650.587, 189.468)	Trevor
000347	(1120.489, 209.621)	Franklin
000347	(312.800, 218.090)	Michael
000347	(647.835, 189.447)	Trevor
000348	(1123.410, 209.632)	Franklin
000348	(312.810, 215.433)	Michael
000348	(647.820, 189.489)	Trevor
000349	(1129.044, 209.635)	Franklin
000349	(312.785, 215.390)	Michael
000349	(647.773, 189.491)	Trevor
000350	(1129.133, 212.363)	Franklin
000350	(312.755, 215.392)	Michael
000350	(645.034, 189.478)	Trevor
000351	(1131.847, 212.358)	Franklin
000351	(312.770, 215.397)	Michael
000351	(644.956, 189.472)	Trevor
000352	(1131.880, 209.659)	Franklin
000352	(312.762, 215.431)	Michael
000352	(642.195, 189.475)	Trevor
000353	(1131.871, 209.635)	Franklin
000353	(312.819, 215.429)	Michael
000353	(642.177, 189.484)	Trevor
000354	(1131.865, 209.647)	Franklin
000354	(315.562, 215.312)	Michael
000354	(642.153, 189.509)	Trevor
000355	(1131.878, 209.632)	Franklin
000355	(312.807, 215.346)	Michael
000355	(642.166, 189.524)	Trevor
000356	(1131.876, 209.649)	Franklin
000356	(312.792, 215.371)	Michael
000356	(645.031, 189.518)	Trevor
000357	(1131.846, 212.357)	Franklin
000357	(312.800, 215.414)	Michael
000357	(647.805, 189.500)	Trevor
000358	(1129.165, 212.362)	Franklin
000358	(312.822, 215.453)	Michael
000358	(647.888, 189.525)	Trevor
000359	(1129.113, 209.648)	Franklin
000359	(312.807, 218.104)	Michael
000359	(650.610, 189.480)	Trevor
000360	(1126.299, 209.643)	Franklin
000360	(312.802, 218.084)	Michael
000360	(650.689, 189.501)	Trevor
000361	(1126.191, 209.576)	Franklin
000361	(312.782, 215.445)	Michael
000361	(650.765, 189.504)	Trevor
000362	(1120.565, 209.607)	Franklin
000362	(312.789, 218.089)	Michael
000362	(653.506, 186.742)	Trevor
000363	(1117.722, 209.634)	Franklin
000363	(312.820, 218.194)	Michael
000363	(653.673, 189.478)	Trevor
000364	(1114.913, 209.623)	Franklin
000364	(312.839, 218.124)	Michael
000364	(653.763, 189.476)	Trevor
000365	(1114.833, 209.609)	Franklin
000365	(312.801, 218.073)	Michael
000365	(656.463, 189.508)	Trevor
000366	(1114.819, 209.581)	Franklin
000366	(312.795, 215.437)	Michael
000366	(659.340, 189.530)	Trevor
000367	(1114.785, 209.554)	Franklin
000367	(312.777, 215.427)	Michael
000367	(662.253, 189.525)	Trevor
000368	(1112.088, 209.550)	Franklin
000368	(312.777, 215.463)	Michael
000368	(667.927, 189.535)	Trevor
000369	(1112.061, 209.601)	Franklin
000369	(312.756, 218.191)	Michael
000369	(670.722, 189.539)	Trevor
000370	(1112.051, 209.604)	Franklin
000370	(312.740, 218.124)	Michael
000370	(670.738, 189.503)	Trevor
000371	(1112.053, 209.615)	Franklin
000371	(312.817, 215.467)	Michael
000371	(670.723, 189.502)	Trevor
000372	(1112.059, 209.614)	Franklin
000372	(315.553, 218.125)	Michael
000372	(670.683, 189.534)	Trevor
000373	(1112.040, 209.631)	Franklin
000373	(315.565, 215.430)	Michael
000373	(667.964, 189.555)	Trevor
000374	(1112.028, 209.618)	Franklin
000374	(312.849, 215.424)	Michael
000374	(667.971, 189.570)	Trevor
000375	(1112.017, 209.602)	Franklin
000375	(312.845, 218.084)	Michael
000375	(667.981, 189.583)	Trevor
000376	(1112.038, 209.581)	Franklin
000376	(315.548, 218.092)	Michael
000376	(667.958, 189.605)	Trevor
000377	(1112.073, 209.581)	Franklin
000377	(312.851, 215.449)	Michael
000377	(667.859, 189.552)	Trevor
000378	(1112.087, 209.578)	Franklin
000378	(312.816, 215.367)	Michael
000378	(662.269, 189.554)	Trevor
000379	(1112.099, 209.561)	Franklin
000379	(312.814, 215.315)	Michael
000379	(659.382, 189.563)	Trevor
000380	(1114.767, 209.538)	Franklin
000380	(312.800, 215.315)	Michael
000380	(659.297, 189.515)	Trevor
000381	(1114.780, 206.776)	Franklin
000381	(312.797, 215.341)	Michael
000381	(656.471, 189.448)	Trevor
000382	(1114.774, 206.771)	Franklin
000382	(312.816, 215.377)	Michael
000382	(656.449, 186.712)	Trevor
000383	(1114.774, 206.755)	Franklin
000383	(312.824, 215.461)	Michael
000383	(653.765, 186.680)	Trevor
000384	(1114.785, 206.735)	Franklin
000384	(312.843, 215.425)	Michael
000384	(653.730, 186.685)	Trevor
000385	(1114.770, 206.725)	Franklin
000385	(312.789, 215.380)	Michael
000385	(653.662, 186.711)	Trevor
000386	(1114.770, 206.708)	Franklin
000386	(312.769, 215.399)	Michael
000386	(653.649, 186.720)	Trevor
000387	(1114.768, 206.708)	Franklin
000387	(312.754, 215.372)	Michael
000387	(653.632, 186.725)	Trevor
000388	(1114.768, 206.718)	Franklin
000388	(312.761, 215.405)	Michael
000388	(653.625, 186.734)	Trevor
000389	(1112.107, 206.760)	Franklin
000389	(312.803, 215.424)	Michael
000389	(653.625, 186.736)	Trevor
000390	(1112.107, 206.775)	Franklin
000390	(315.557, 215.287)	Michael
000390	(653.624, 186.731)	Trevor
000391	(1112.101, 206.786)	Franklin
000391	(312.813, 215.332)	Michael
000391	(653.632, 189.435)	Trevor
000392	(1112.095, 206.773)	Franklin
000392	(312.809, 215.364)	Michael
000392	(653.663, 189.446)	Trevor
000393	(1112.088, 206.766)	Franklin
000393	(312.796, 215.401)	Michael
000393	(653.686, 189.447)	Trevor
000394	(1112.081, 206.758)	Franklin
000394	(312.806, 215.432)	Michael
000394	(653.711, 189.454)	Trevor
000395	(1112.079, 206.756)	Franklin
000395	(312.815, 218.086)	Michael
000395	(653.749, 186.731)	Trevor
000396	(1112.083, 206.769)	Franklin
000396	(312.822, 215.465)	Michael
000396	(653.778, 186.725)	Trevor
000397	(1112.068, 206.775)	Franklin
000397	(312.799, 215.421)	Michael
000397	(653.771, 186.720)	Trevor
000398	(1112.064, 206.770)	Franklin
000398	(312.805, 215.467)	Michael
000398	(653.768, 186.722)	Trevor
000399	(1112.067, 206.777)	Franklin
000399	(312.814, 218.180)	Michael
000399	(653.762, 186.726)	Trevor
000400	(1112.048, 206.771)	Franklin
000400	(312.853, 218.081)	Michael
000400	(653.766, 186.725)	Trevor
000401	(1112.017, 206.753)	Franklin
000401	(312.819, 215.446)	Michael
000401	(653.758, 186.705)	Trevor
000402	(1111.984, 206.762)	Franklin
000402	(312.812, 215.403)	Michael
000402	(653.754, 186.689)	Trevor
000403	(1111.968, 206.743)	Franklin
000403	(312.804, 215.416)	Michael
000403	(653.758, 186.706)	Trevor
000404	(1111.940, 206.746)	Franklin
000404	(312.794, 215.430)	Michael
000404	(653.760, 186.693)	Trevor
000405	(1111.948, 206.771)	Franklin
000405	(312.784, 218.177)	Michael
000405	(653.741, 186.688)	Trevor
000406	(1111.941, 206.742)	Franklin
000406	(312.765, 218.111)	Michael
000406	(653.699, 186.693)	Trevor
000407	(1111.922, 206.733)	Franklin
000407	(312.828, 215.468)	Michael
000407	(653.688, 186.667)	Trevor
000408	(1111.898, 206.719)	Franklin
000408	(315.549, 218.118)	Michael
000408	(653.689, 186.659)	Trevor
000409	(1111.898, 206.733)	Franklin
000409	(315.559, 215.434)	Michael
000409	(653.684, 186.656)	Trevor
000410	(1111.906, 206.761)	Franklin
000410	(312.851, 215.468)	Michael
000410	(653.725, 186.647)	Trevor
000411	(1111.912, 206.755)	Franklin
000411	(315.563, 218.102)	Michael
000411	(653.740, 186.635)	Trevor
000412	(1111.911, 206.760)	Franklin
000412	(315.553, 218.075)	Michael
000412	(653.740, 186.643)	Trevor
000413	(1111.920, 206.758)	Franklin
000413	(312.852, 215.409)	Michael
000413	(653.773, 186.619)	Trevor
000414	(1111.930, 206.769)	Franklin
000414	(312.836, 215.344)	Michael
000414	(653.784, 186.619)	Trevor
000415	(1111.952, 206.781)	Franklin
000415	(312.815, 215.339)	Michael
000415	(656.431, 183.850)	Trevor
000416	(1111.968, 206.792)	Franklin
000416	(312.793, 215.329)	Michael
000416	(656.450, 183.854)	Trevor
000417	(1111.981, 206.792)	Franklin
000417	(312.808, 215.354)	Michael
000417	(656.449, 183.855)	Trevor
000418	(1111.999, 209.538)	Franklin
000418	(312.834, 215.392)	Michael
000418	(656.447, 183.848)	Trevor
000419	(1112.012, 206.789)	Franklin
000419	(312.819, 218.079)	Michael
000419	(656.448, 183.836)	Trevor
000420	(1112.021, 209.550)	Franklin
000420	(312.853, 215.415)	Michael
000420	(656.440, 183.839)	Trevor
000421	(1112.015, 209.542)	Franklin
000421	(312.814, 215.347)	Michael
000421	(656.447, 183.842)	Trevor
000422	(1112.013, 209.532)	Franklin
000422	(312.769, 215.378)	Michael
000422	(656.452, 183.851)	Trevor
000423	(1112.016, 206.781)	Franklin
000423	(312.764, 215.362)	Michael
000423	(656.453, 183.861)	Trevor
000424	(1112.011, 206.768)	Franklin
000424	(312.769, 215.412)	Michael
000424	(656.450, 183.857)	Trevor
000425	(1112.002, 206.756)	Franklin
000425	(312.795, 215.418)	Michael
000425	(656.456, 183.878)	Trevor
000426	(1112.004, 206.747)	Franklin
000426	(312.832, 215.298)	Michael
000426	(656.459, 186.616)	Trevor
000427	(1112.010, 206.734)	Franklin
000427	(312.806, 215.312)	Michael
000427	(656.464, 186.639)	Trevor
000428	(1112.013, 206.739)	Franklin
000428	(312.791, 215.356)	Michael
000428	(656.462, 186.643)	Trevor
000429	(1112.008, 206.726)	Franklin
000429	(312.792, 215.365)	Michael
000429	(656.457, 186.659)	Trevor
000430	(1112.009, 206.711)	Franklin
000430	(312.798, 215.402)	Michael
000430	(656.454, 186.658)	Trevor
000431	(1112.006, 206.702)	Franklin
000431	(312.807, 218.099)	Michael
000431	(656.463, 186.674)	Trevor
000432	(1112.005, 206.704)	Franklin
000432	(312.823, 215.469)	Michael
000432	(656.455, 186.662)	Trevor
000433	(1112.004, 206.691)	Franklin
000433	(312.786, 215.423)	Michael
000433	(656.446, 186.676)	Trevor
000434	(1112.010, 203.925)	Franklin
000434	(312.790, 218.089)	Michael
000434	(656.440, 186.686)	Trevor
000435	(1112.013, 203.924)	Franklin
000435	(312.813, 218.170)	Michael
000435	(656.437, 186.694)	Trevor
000436	(1112.008, 203.913)	Franklin
000436	(312.835, 218.096)	Michael
000436	(656.444, 186.701)	Trevor
000437	(1112.003, 203.909)	Franklin
000437	(312.798, 215.409)	Michael
000437	(656.437, 186.711)	Trevor
000438	(1111.986, 203.911)	Franklin
000438	(312.792, 215.411)	Michael
000438	(656.427, 186.721)	Trevor
000439	(1111.976, 203.894)	Franklin
000439	(312.788, 215.402)	Michael
000439	(656.426, 186.721)	Trevor
000440	(1111.977, 203.879)	Franklin
000440	(312.779, 215.449)	Michael
000440	(656.425, 186.734)	Trevor
000441	(1111.978, 203.890)	Franklin
000441	(312.768, 218.170)	Michael
000441	(653.770, 189.438)	Trevor
000442	(1111.963, 203.913)	Franklin
000442	(312.762, 218.111)	Michael
000442	(653.769, 189.440)	Trevor
000443	(1111.969, 203.909)	Franklin
000443	(312.832, 218.072)	Michael
000443	(653.761, 189.443)	Trevor
000444	(1111.958, 203.932)	Franklin
000444	(315.573, 218.092)	Michael
000444	(653.753, 189.443)	Trevor
000445	(1111.951, 203.925)	Franklin
000445	(315.559, 215.417)	Michael
000445	(653.766, 189.441)	Trevor
000446	(1111.936, 203.916)	Franklin
000446	(312.848, 215.407)	Michael
000446	(653.775, 189.444)	Trevor
000447	(1111.926, 203.909)	Franklin
000447	(315.548, 215.461)	Michael
000447	(656.431, 189.448)	Trevor
000448	(1111.918, 203.928)	Franklin
000448	(315.563, 218.094)	Michael
000448	(656.454, 189.443)	Trevor
000449	(1111.902, 203.913)	Franklin
000449	(315.553, 215.411)	Michael
000449	(656.432, 189.465)	Trevor
000450	(1111.899, 206.704)	Franklin
000450	(312.825, 215.390)	Michael
000450	(653.787, 189.444)	Trevor
000451	(1111.852, 203.933)	Franklin
000451	(312.843, 215.350)	Michael
000451	(653.773, 186.740)	Trevor
000452	(1111.858, 206.723)	Franklin
000452	(312.806, 215.358)	Michael
000452	(653.778, 186.714)	Trevor
000453	(1111.825, 206.719)	Franklin
000453	(312.805, 215.376)	Michael
000453	(653.764, 186.685)	Trevor
000454	(1111.817, 206.719)	Franklin
000454	(312.831, 215.407)	Michael
000454	(653.757, 186.686)	Trevor