0	(358, 353)	Lester	Unknown	[294 294 128 239]	[294 294 422 533]
0	(495, 431)	Michael	Unknown	[423 354 144 308]	[423 354 567 662]
0	(639, 312)	Franklin	Unknown	[591 253  97 237]	[591 253 688 490]
0	(840, 431)	Trevor	Unknown	[773 354 135 309]	[773 354 908 663]
0	(966, 366)	Amanda	Unknown	[913 305 106 244]	[ 913  305 1019  549]
1	(358, 353)	Lester	Unknown	[294 294 128 239]	[294 294 422 533]
1	(494, 432)	Michael	Unknown	[422 356 144 307]	[422 356 566 663]
1	(639, 312)	Franklin	Unknown	[591 253  97 237]	[591 253 688 490]
1	(840, 432)	Trevor	Unknown	[773 355 135 308]	[773 355 908 663]
1	(966, 365)	Amanda	Unknown	[913 303 106 249]	[ 913  303 1019  552]
2	(358, 353)	Lester	Unknown	[294 294 128 239]	[294 294 422 533]
2	(494, 432)	Michael	Unknown	[422 356 144 306]	[422 356 566 662]
2	(640, 312)	Franklin	Unknown	[592 253  96 237]	[592 253 688 490]
2	(840, 432)	Trevor	Unknown	[773 355 135 309]	[773 355 908 664]
2	(966, 365)	Amanda	Unknown	[915 303 103 249]	[ 915  303 1018  552]
3	(358, 353)	Lester	Unknown	[294 294 128 239]	[294 294 422 533]
3	(493, 432)	Michael	Unknown	[421 356 145 306]	[421 356 566 662]
3	(640, 312)	Franklin	Unknown	[592 253  96 237]	[592 253 688 490]
3	(840, 432)	Trevor	Unknown	[772 356 136 307]	[772 356 908 663]
3	(969, 365)	Amanda	Unknown	[920 303  99 249]	[ 920  303 1019  552]
4	(358, 353)	Lester	Unknown	[294 294 128 239]	[294 294 422 533]
4	(495, 431)	Michael	Unknown	[423 355 144 307]	[423 355 567 662]
4	(640, 312)	Franklin	Unknown	[592 253  96 237]	[592 253 688 490]
4	(840, 432)	Trevor	Unknown	[772 356 137 307]	[772 356 909 663]
4	(974, 365)	Amanda	Unknown	[927 303  94 250]	[ 927  303 1021  553]
5	(358, 354)	Lester	Unknown	[294 295 128 238]	[294 295 422 533]
5	(494, 432)	Michael	Unknown	[422 356 144 307]	[422 356 566 663]
5	(640, 313)	Franklin	Unknown	[593 254  95 236]	[593 254 688 490]
5	(840, 432)	Trevor	Unknown	[772 356 136 307]	[772 356 908 663]
5	(977, 365)	Amanda	Unknown	[930 303  94 250]	[ 930  303 1024  553]
6	(358, 354)	Lester	Unknown	[294 295 128 238]	[294 295 422 533]
6	(493, 432)	Michael	Unknown	[422 356 143 307]	[422 356 565 663]
6	(640, 313)	Franklin	Unknown	[593 254  95 236]	[593 254 688 490]
6	(840, 432)	Trevor	Unknown	[772 356 137 307]	[772 356 909 663]
6	(978, 366)	Amanda	Unknown	[929 304  98 248]	[ 929  304 1027  552]
7	(358, 354)	Lester	Unknown	[294 295 128 238]	[294 295 422 533]
7	(494, 432)	Michael	Unknown	[422 356 144 307]	[422 356 566 663]
7	(640, 313)	Franklin	Unknown	[593 254  95 236]	[593 254 688 490]
7	(840, 432)	Trevor	Unknown	[771 355 138 308]	[771 355 909 663]
7	(978, 366)	Amanda	Unknown	[929 304  99 248]	[ 929  304 1028  552]
8	(358, 353)	Lester	Unknown	[294 294 128 239]	[294 294 422 533]
8	(494, 431)	Michael	Unknown	[423 355 143 307]	[423 355 566 662]
8	(640, 313)	Franklin	Unknown	[593 254  95 236]	[593 254 688 490]
8	(840, 432)	Trevor	Unknown	[771 356 138 307]	[771 356 909 663]
8	(979, 366)	Amanda	Unknown	[930 304  98 248]	[ 930  304 1028  552]
9	(358, 353)	Lester	Unknown	[294 293 128 240]	[294 293 422 533]
9	(494, 431)	Michael	Unknown	[423 354 143 308]	[423 354 566 662]
9	(641, 313)	Franklin	Unknown	[593 255  96 235]	[593 255 689 490]
9	(840, 432)	Trevor	Unknown	[771 356 138 307]	[771 356 909 663]
9	(979, 366)	Amanda	Unknown	[930 304  98 248]	[ 930  304 1028  552]
10	(358, 353)	Lester	Unknown	[294 293 128 240]	[294 293 422 533]
10	(494, 431)	Michael	Unknown	[423 354 143 308]	[423 354 566 662]
10	(641, 313)	Franklin	Unknown	[593 255  96 235]	[593 255 689 490]
10	(840, 433)	Trevor	Unknown	[771 356 138 308]	[771 356 909 664]
10	(979, 366)	Amanda	Unknown	[930 304  98 248]	[ 930  304 1028  552]
11	(358, 353)	Lester	Unknown	[294 293 128 240]	[294 293 422 533]
11	(494, 431)	Michael	Unknown	[422 354 144 308]	[422 354 566 662]
11	(640, 313)	Franklin	Unknown	[592 255  97 235]	[592 255 689 490]
11	(840, 433)	Trevor	Unknown	[771 356 138 308]	[771 356 909 664]
11	(979, 365)	Amanda	Unknown	[930 303  98 249]	[ 930  303 1028  552]
12	(358, 353)	Lester	Unknown	[294 293 128 240]	[294 293 422 533]
12	(494, 431)	Michael	Unknown	[423 354 143 308]	[423 354 566 662]
12	(640, 313)	Franklin	Unknown	[592 255  97 235]	[592 255 689 490]
12	(839, 432)	Trevor	Unknown	[771 356 137 307]	[771 356 908 663]
12	(979, 365)	Amanda	Unknown	[930 303  98 249]	[ 930  303 1028  552]
13	(358, 353)	Lester	Unknown	[294 293 128 240]	[294 293 422 533]
13	(494, 431)	Michael	Unknown	[423 354 143 308]	[423 354 566 662]
13	(640, 313)	Franklin	Unknown	[592 255  97 235]	[592 255 689 490]
13	(839, 433)	Trevor	Unknown	[771 356 137 308]	[771 356 908 664]
13	(979, 366)	Amanda	Unknown	[930 304  98 248]	[ 930  304 1028  552]
14	(358, 353)	Lester	Unknown	[294 293 128 240]	[294 293 422 533]
14	(495, 431)	Michael	Unknown	[424 354 142 308]	[424 354 566 662]
14	(640, 314)	Franklin	Unknown	[592 255  97 236]	[592 255 689 491]
14	(839, 433)	Trevor	Unknown	[771 356 137 308]	[771 356 908 664]
14	(979, 366)	Amanda	Unknown	[930 304  98 248]	[ 930  304 1028  552]
15	(358, 353)	Lester	Unknown	[294 293 128 240]	[294 293 422 533]
15	(495, 431)	Michael	Unknown	[425 354 141 308]	[425 354 566 662]
15	(641, 314)	Franklin	Unknown	[592 255  98 236]	[592 255 690 491]
15	(839, 432)	Trevor	Unknown	[771 355 136 309]	[771 355 907 664]
15	(979, 366)	Amanda	Unknown	[930 304  98 248]	[ 930  304 1028  552]
16	(358, 353)	Lester	Unknown	[295 294 127 238]	[295 294 422 532]
16	(495, 431)	Michael	Unknown	[425 354 141 308]	[425 354 566 662]
16	(641, 314)	Franklin	Unknown	[592 255  98 236]	[592 255 690 491]
16	(841, 430)	Trevor	Unknown	[776 353 130 308]	[776 353 906 661]
16	(979, 366)	Amanda	Unknown	[930 304  98 248]	[ 930  304 1028  552]
17	(358, 354)	Lester	Unknown	[295 295 127 238]	[295 295 422 533]
17	(495, 431)	Michael	Unknown	[425 354 141 308]	[425 354 566 662]
17	(641, 314)	Franklin	Unknown	[592 255  98 236]	[592 255 690 491]
17	(844, 429)	Trevor	Unknown	[780 352 129 308]	[780 352 909 660]
17	(979, 366)	Amanda	Unknown	[930 304  98 248]	[ 930  304 1028  552]
18	(358, 355)	Lester	Unknown	[294 296 128 237]	[294 296 422 533]
18	(496, 431)	Michael	Unknown	[426 354 140 309]	[426 354 566 663]
18	(641, 313)	Franklin	Unknown	[592 254  98 237]	[592 254 690 491]
18	(848, 429)	Trevor	Unknown	[782 352 132 308]	[782 352 914 660]
18	(979, 366)	Amanda	Unknown	[930 304  98 248]	[ 930  304 1028  552]
19	(358, 355)	Lester	Unknown	[294 296 128 237]	[294 296 422 533]
19	(496, 430)	Michael	Unknown	[426 353 140 310]	[426 353 566 663]
19	(641, 313)	Franklin	Unknown	[592 255  99 235]	[592 255 691 490]
19	(854, 428)	Trevor	Unknown	[784 351 140 310]	[784 351 924 661]
19	(979, 366)	Amanda	Unknown	[930 304  98 248]	[ 930  304 1028  552]
20	(358, 355)	Lester	Unknown	[294 296 128 237]	[294 296 422 533]
20	(495, 430)	Michael	Unknown	[425 353 141 310]	[425 353 566 663]
20	(642, 313)	Franklin	Unknown	[592 254 100 236]	[592 254 692 490]
20	(864, 426)	Trevor	Unknown	[787 351 155 302]	[787 351 942 653]
20	(978, 366)	Amanda	Unknown	[929 304  99 248]	[ 929  304 1028  552]
21	(358, 355)	Lester	Unknown	[294 296 129 237]	[294 296 423 533]
21	(495, 430)	Michael	Unknown	[425 353 141 310]	[425 353 566 663]
21	(642, 313)	Franklin	Unknown	[592 254 100 236]	[592 254 692 490]
21	(867, 425)	Trevor	Unknown	[786 352 163 295]	[786 352 949 647]
21	(978, 366)	Amanda	Unknown	[929 304  98 248]	[ 929  304 1027  552]
22	(358, 355)	Lester	Unknown	[294 296 129 237]	[294 296 423 533]
22	(495, 430)	Michael	Unknown	[425 353 141 310]	[425 353 566 663]
22	(642, 313)	Franklin	Unknown	[592 254 101 236]	[592 254 693 490]
22	(871, 426)	Trevor	Unknown	[786 354 171 289]	[786 354 957 643]
22	(980, 366)	Amanda	Unknown	[933 304  94 249]	[ 933  304 1027  553]
23	(359, 355)	Lester	Unknown	[294 296 130 237]	[294 296 424 533]
23	(495, 430)	Michael	Unknown	[425 353 141 310]	[425 353 566 663]
23	(643, 312)	Franklin	Unknown	[593 253 100 237]	[593 253 693 490]
23	(875, 428)	Trevor	Unknown	[787 356 176 288]	[787 356 963 644]
23	(985, 366)	Amanda	Unknown	[943 304  84 249]	[ 943  304 1027  553]
24	(358, 356)	Lester	Unknown	[293 297 131 236]	[293 297 424 533]
24	(495, 430)	Michael	Unknown	[425 353 141 309]	[425 353 566 662]
24	(643, 312)	Franklin	Unknown	[593 253 100 237]	[593 253 693 490]
24	(897, 430)	Trevor	Unknown	[805 358 185 290]	[805 358 990 648]
24	(992, 366)	Amanda	Unknown	[958 304  69 251]	[ 958  304 1027  555]
25	(358, 356)	Lester	Unknown	[292 298 132 235]	[292 298 424 533]
25	(495, 430)	Michael	Unknown	[425 353 141 309]	[425 353 566 662]
25	(642, 312)	Franklin	Unknown	[593 253  99 237]	[593 253 692 490]
25	(919, 432)	Trevor	Unknown	[840 358 158 296]	[840 358 998 654]
25	(995, 366)	Amanda	Unknown	[965 304  61 251]	[ 965  304 1026  555]
26	(358, 357)	Lester	Unknown	[292 299 132 234]	[292 299 424 533]
26	(496, 430)	Michael	Unknown	[425 353 142 309]	[425 353 567 662]
26	(642, 312)	Franklin	Unknown	[593 253  99 237]	[593 253 692 490]
26	(953, 433)	Trevor	Unknown	[884 356 138 309]	[ 884  356 1022  665]
27	(358, 357)	Lester	Unknown	[292 299 132 234]	[292 299 424 533]
27	(496, 430)	Michael	Unknown	[425 353 142 309]	[425 353 567 662]
27	(642, 312)	Franklin	Unknown	[593 253  98 237]	[593 253 691 490]
27	(970, 432)	Trevor	Unknown	[900 353 141 317]	[ 900  353 1041  670]
28	(358, 357)	Lester	Unknown	[292 299 132 234]	[292 299 424 533]
28	(496, 429)	Michael	Unknown	[425 352 142 310]	[425 352 567 662]
28	(642, 312)	Franklin	Unknown	[593 253  98 237]	[593 253 691 490]
28	(975, 363)	Unknown	Unknown	[930 304  90 239]	[ 930  304 1020  543]
28	(979, 435)	Trevor	Unknown	[898 357 162 313]	[ 898  357 1060  670]
29	(358, 357)	Lester	Unknown	[292 299 132 234]	[292 299 424 533]
29	(496, 429)	Michael	Unknown	[425 352 142 310]	[425 352 567 662]
29	(642, 312)	Franklin	Unknown	[593 253  98 237]	[593 253 691 490]
29	(977, 363)	Amanda	Unknown	[930 304  95 237]	[ 930  304 1025  541]
29	(1003, 438)	Trevor	Unknown	[898 365 211 294]	[ 898  365 1109  659]
30	(358, 357)	Lester	Unknown	[292 299 132 233]	[292 299 424 532]
30	(495, 429)	Michael	Unknown	[424 352 142 309]	[424 352 566 661]
30	(642, 312)	Franklin	Unknown	[593 253  98 237]	[593 253 691 490]
30	(978, 363)	Amanda	Unknown	[930 303  96 240]	[ 930  303 1026  543]
30	(1017, 441)	Trevor	Unknown	[903 369 228 290]	[ 903  369 1131  659]
31	(358, 357)	Lester	Unknown	[292 299 132 234]	[292 299 424 533]
31	(494, 428)	Michael	Unknown	[425 351 138 309]	[425 351 563 660]
31	(642, 312)	Franklin	Unknown	[593 253  98 237]	[593 253 691 490]
31	(978, 364)	Amanda	Unknown	[929 304  99 243]	[ 929  304 1028  547]
31	(1025, 441)	Trevor	Unknown	[914 369 223 291]	[ 914  369 1137  660]
32	(358, 357)	Lester	Unknown	[293 299 131 234]	[293 299 424 533]
32	(496, 428)	Michael	Unknown	[429 351 134 310]	[429 351 563 661]
32	(641, 313)	Franklin	Unknown	[593 254  97 236]	[593 254 690 490]
32	(978, 366)	Amanda	Unknown	[931 304  94 250]	[ 931  304 1025  554]
32	(1050, 438)	Trevor	Unknown	[948 364 205 298]	[ 948  364 1153  662]
33	(358, 356)	Lester	Unknown	[294 298 129 235]	[294 298 423 533]
33	(495, 431)	Michael	Unknown	[429 354 133 310]	[429 354 562 664]
33	(641, 313)	Franklin	Unknown	[593 254  97 236]	[593 254 690 490]
33	(978, 366)	Amanda	Unknown	[931 304  95 248]	[ 931  304 1026  552]
33	(1085, 435)	Trevor	Unknown	[994 359 182 306]	[ 994  359 1176  665]
34	(358, 356)	Lester	Unknown	[294 298 129 235]	[294 298 423 533]
34	(495, 438)	Michael	Unknown	[427 361 137 310]	[427 361 564 671]
34	(641, 313)	Franklin	Unknown	[593 254  97 236]	[593 254 690 490]
34	(978, 365)	Amanda	Unknown	[931 303  95 249]	[ 931  303 1026  552]
34	(1122, 432)	Trevor	Unknown	[1042  355  160  310]	[1042  355 1202  665]
35	(358, 356)	Lester	Unknown	[294 298 128 235]	[294 298 422 533]
35	(489, 447)	Michael	Unknown	[418 367 143 323]	[418 367 561 690]
35	(641, 313)	Franklin	Unknown	[593 255  97 235]	[593 255 690 490]
35	(978, 366)	Amanda	Unknown	[931 304  95 248]	[ 931  304 1026  552]
35	(1155, 432)	Trevor	Unknown	[1083  354  144  312]	[1083  354 1227  666]
36	(358, 356)	Lester	Unknown	[294 297 128 236]	[294 297 422 533]
36	(483, 457)	Michael	Unknown	[407 374 152 332]	[407 374 559 706]
36	(641, 313)	Franklin	Unknown	[593 255  97 235]	[593 255 690 490]
36	(978, 366)	Amanda	Unknown	[931 304  95 248]	[ 931  304 1026  552]
36	(1177, 433)	Trevor	Unknown	[1087  356  181  311]	[1087  356 1268  667]
37	(356, 356)	Lester	Unknown	[293 297 127 237]	[293 297 420 534]
37	(473, 468)	Michael	Unknown	[392 385 163 333]	[392 385 555 718]
37	(641, 313)	Franklin	Unknown	[593 255  97 235]	[593 255 690 490]
37	(978, 366)	Amanda	Unknown	[931 304  95 249]	[ 931  304 1026  553]
37	(1184, 437)	Trevor	Unknown	[1089  361  190  306]	[1089  361 1279  667]
38	(356, 356)	Lester	Unknown	[293 297 126 236]	[293 297 419 533]
38	(474, 475)	Michael	Unknown	[395 395 158 321]	[395 395 553 716]
38	(641, 314)	Franklin	Unknown	[593 256  97 234]	[593 256 690 490]
38	(978, 366)	Amanda	Unknown	[931 304  95 249]	[ 931  304 1026  553]
38	(1186, 443)	Trevor	Unknown	[1093  369  187  297]	[1093  369 1280  666]
39	(357, 356)	Lester	Unknown	[294 297 127 237]	[294 297 421 534]
39	(464, 481)	Michael	Unknown	[378 403 172 314]	[378 403 550 717]
39	(641, 314)	Franklin	Unknown	[592 256  98 234]	[592 256 690 490]
39	(978, 366)	Amanda	Unknown	[931 304  95 249]	[ 931  304 1026  553]
39	(1194, 440)	Trevor	Unknown	[1109  365  171  303]	[1109  365 1280  668]
40	(360, 355)	Lester	Unknown	[294 296 132 239]	[294 296 426 535]
40	(450, 484)	Michael	Unknown	[362 407 177 310]	[362 407 539 717]
40	(641, 314)	Franklin	Unknown	[592 256  98 234]	[592 256 690 490]
40	(978, 366)	Amanda	Unknown	[931 304  95 248]	[ 931  304 1026  552]
40	(1213, 438)	Trevor	Unknown	[1146  364  134  299]	[1146  364 1280  663]
41	(359, 354)	Lester	Unknown	[294 296 130 232]	[294 296 424 528]
41	(427, 489)	Michael	Unknown	[342 413 171 305]	[342 413 513 718]
41	(640, 314)	Franklin	Unknown	[591 256  99 234]	[591 256 690 490]
41	(978, 366)	Amanda	Unknown	[931 304  95 248]	[ 931  304 1026  552]
41	(1237, 424)	Trevor	Unknown	[1194  344   86  322]	[1194  344 1280  666]
42	(358, 354)	Lester	Unknown	[293 296 130 234]	[293 296 423 530]
42	(405, 492)	Michael	Unknown	[326 417 158 302]	[326 417 484 719]
42	(640, 314)	Franklin	Unknown	[591 256  99 234]	[591 256 690 490]
42	(978, 366)	Amanda	Unknown	[931 304  95 249]	[ 931  304 1026  553]
43	(358, 338)	Lester	Unknown	[294 295 128 174]	[294 295 422 469]
43	(385, 500)	Michael	Unknown	[300 427 171 292]	[300 427 471 719]
43	(640, 314)	Franklin	Unknown	[591 256  99 234]	[591 256 690 490]
43	(978, 366)	Amanda	Unknown	[931 304  95 248]	[ 931  304 1026  552]
44	(358, 342)	Lester	Unknown	[294 295 129 191]	[294 295 423 486]
44	(363, 508)	Michael	Unknown	[269 438 188 281]	[269 438 457 719]
44	(640, 314)	Franklin	Unknown	[591 256  99 234]	[591 256 690 490]
44	(978, 366)	Amanda	Unknown	[931 304  95 248]	[ 931  304 1026  552]
45	(345, 526)	Michael	Unknown	[248 463 195 255]	[248 463 443 718]
45	(358, 350)	Lester	Unknown	[294 295 128 223]	[294 295 422 518]
45	(640, 313)	Franklin	Unknown	[591 255  99 235]	[591 255 690 490]
45	(978, 366)	Amanda	Unknown	[931 304  95 248]	[ 931  304 1026  552]
46	(327, 542)	Michael	Unknown	[226 483 202 236]	[226 483 428 719]
46	(358, 353)	Lester	Unknown	[294 295 128 232]	[294 295 422 527]
46	(640, 313)	Franklin	Unknown	[591 255  99 235]	[591 255 690 490]
46	(978, 366)	Amanda	Unknown	[931 304  95 248]	[ 931  304 1026  552]
47	(315, 554)	Michael	Unknown	[217 499 196 220]	[217 499 413 719]
47	(358, 353)	Lester	Unknown	[294 293 129 240]	[294 293 423 533]
47	(640, 313)	Franklin	Unknown	[591 255  99 235]	[591 255 690 490]
47	(978, 366)	Amanda	Unknown	[931 304  95 248]	[ 931  304 1026  552]
48	(293, 562)	Michael	Unknown	[202 510 183 208]	[202 510 385 718]
48	(358, 354)	Lester	Unknown	[294 294 129 240]	[294 294 423 534]
48	(640, 313)	Franklin	Unknown	[591 255  99 235]	[591 255 690 490]
48	(979, 366)	Amanda	Unknown	[931 304  96 249]	[ 931  304 1027  553]
49	(261, 566)	Michael	Unknown	[170 516 183 202]	[170 516 353 718]
49	(358, 354)	Lester	Unknown	[294 294 128 240]	[294 294 422 534]
49	(640, 313)	Franklin	Unknown	[591 255  99 235]	[591 255 690 490]
49	(979, 366)	Amanda	Unknown	[931 304  96 248]	[ 931  304 1027  552]
50	(229, 575)	Michael	Unknown	[134 527 191 192]	[134 527 325 719]
50	(358, 354)	Lester	Unknown	[294 295 128 238]	[294 295 422 533]
50	(640, 313)	Franklin	Unknown	[591 255  98 235]	[591 255 689 490]
50	(979, 366)	Amanda	Unknown	[931 304  96 248]	[ 931  304 1027  552]
51	(181, 593)	Michael	Unknown	[ 78 552 207 165]	[ 78 552 285 717]
51	(358, 354)	Lester	Unknown	[294 295 128 238]	[294 295 422 533]
51	(640, 313)	Franklin	Unknown	[591 255  98 235]	[591 255 689 490]
51	(979, 366)	Amanda	Unknown	[932 304  95 249]	[ 932  304 1027  553]
52	(144, 613)	Michael	Unknown	[ 33 578 223 140]	[ 33 578 256 718]
52	(358, 354)	Lester	Unknown	[294 294 128 240]	[294 294 422 534]
52	(639, 313)	Franklin	Unknown	[591 254  97 236]	[591 254 688 490]
52	(979, 366)	Amanda	Unknown	[932 304  95 248]	[ 932  304 1027  552]
53	(105, 631)	Michael	Unknown	[  0 603 211 115]	[  0 603 211 718]
53	(358, 353)	Lester	Unknown	[294 293 128 241]	[294 293 422 534]
53	(640, 312)	Franklin	Unknown	[593 253  94 236]	[593 253 687 489]
53	(979, 365)	Amanda	Unknown	[931 303  97 249]	[ 931  303 1028  552]
54	(77, 651)	Michael	Unknown	[  0 628 155  92]	[  0 628 155 720]
54	(357, 351)	Lester	Unknown	[293 291 128 241]	[293 291 421 532]
54	(639, 311)	Franklin	Unknown	[593 253  93 235]	[593 253 686 488]
54	(978, 363)	Amanda	Unknown	[930 301  97 249]	[ 930  301 1027  550]
55	(356, 349)	Lester	Unknown	[292 289 128 241]	[292 289 420 530]
55	(637, 313)	Franklin	Unknown	[592 255  91 232]	[592 255 683 487]
55	(978, 361)	Amanda	Unknown	[929 299  98 249]	[ 929  299 1027  548]
56	(356, 346)	Lester	Unknown	[291 286 130 243]	[291 286 421 529]
56	(635, 313)	Franklin	Unknown	[589 258  92 222]	[589 258 681 480]
56	(977, 358)	Amanda	Unknown	[929 296  97 249]	[ 929  296 1026  545]
57	(355, 344)	Lester	Unknown	[291 284 128 243]	[291 284 419 527]
57	(635, 315)	Franklin	Unknown	[587 258  96 229]	[587 258 683 487]
57	(977, 355)	Amanda	Unknown	[928 293  98 250]	[ 928  293 1026  543]
58	(355, 342)	Lester	Unknown	[290 282 130 243]	[290 282 420 525]
58	(634, 316)	Franklin	Unknown	[586 256  97 241]	[586 256 683 497]
58	(976, 352)	Amanda	Unknown	[927 290  98 250]	[ 927  290 1025  540]
59	(354, 339)	Lester	Unknown	[289 279 131 243]	[289 279 420 522]
59	(634, 319)	Franklin	Unknown	[586 258  97 244]	[586 258 683 502]
59	(975, 350)	Amanda	Unknown	[926 288  98 249]	[ 926  288 1024  537]
60	(353, 335)	Lester	Unknown	[288 274 131 244]	[288 274 419 518]
60	(635, 325)	Franklin	Unknown	[586 264  98 245]	[586 264 684 509]
60	(974, 344)	Amanda	Unknown	[925 284  98 243]	[ 925  284 1023  527]
61	(352, 330)	Lester	Unknown	[287 270 131 243]	[287 270 418 513]
61	(636, 329)	Franklin	Unknown	[586 268 100 244]	[586 268 686 512]
61	(973, 341)	Amanda	Unknown	[924 280  99 245]	[ 924  280 1023  525]
62	(351, 327)	Lester	Unknown	[286 267 130 242]	[286 267 416 509]
62	(640, 329)	Franklin	Unknown	[589 266 102 255]	[589 266 691 521]
62	(971, 336)	Amanda	Unknown	[922 275  99 245]	[ 922  275 1021  520]
63	(350, 322)	Lester	Unknown	[285 262 130 241]	[285 262 415 503]
63	(644, 325)	Franklin	Unknown	[594 260 101 263]	[594 260 695 523]
63	(970, 331)	Amanda	Unknown	[921 270  98 245]	[ 921  270 1019  515]
64	(348, 318)	Lester	Unknown	[283 258 130 242]	[283 258 413 500]
64	(647, 323)	Franklin	Unknown	[597 256 101 268]	[597 256 698 524]
64	(969, 327)	Amanda	Unknown	[919 266 100 244]	[ 919  266 1019  510]
65	(347, 315)	Lester	Unknown	[283 254 129 244]	[283 254 412 498]
65	(650, 317)	Franklin	Unknown	[599 249 102 274]	[599 249 701 523]
65	(967, 322)	Amanda	Unknown	[917 261 100 245]	[ 917  261 1017  506]
66	(346, 311)	Lester	Unknown	[281 251 131 242]	[281 251 412 493]
66	(650, 314)	Franklin	Unknown	[598 246 105 273]	[598 246 703 519]
66	(966, 318)	Amanda	Unknown	[916 257 101 244]	[ 916  257 1017  501]
67	(345, 308)	Lester	Unknown	[279 248 132 242]	[279 248 411 490]
67	(649, 312)	Franklin	Unknown	[594 244 110 272]	[594 244 704 516]
67	(965, 315)	Amanda	Unknown	[915 254 101 247]	[ 915  254 1016  501]
68	(344, 306)	Lester	Unknown	[277 246 134 240]	[277 246 411 486]
68	(647, 309)	Franklin	Unknown	[591 242 113 269]	[591 242 704 511]
68	(965, 313)	Amanda	Unknown	[915 251 101 248]	[ 915  251 1016  499]
69	(343, 305)	Lester	Unknown	[276 246 134 236]	[276 246 410 482]
69	(645, 308)	Franklin	Unknown	[587 241 116 269]	[587 241 703 510]
69	(965, 309)	Amanda	Unknown	[915 249 100 242]	[ 915  249 1015  491]
70	(342, 304)	Lester	Unknown	[276 245 133 236]	[276 245 409 481]
70	(643, 306)	Franklin	Unknown	[586 239 114 268]	[586 239 700 507]
70	(964, 308)	Amanda	Unknown	[914 248 100 242]	[ 914  248 1014  490]
71	(342, 302)	Lester	Unknown	[276 244 133 234]	[276 244 409 478]
71	(641, 305)	Franklin	Unknown	[587 238 108 269]	[587 238 695 507]
71	(962, 307)	Amanda	Unknown	[913 246  99 244]	[ 913  246 1012  490]
72	(341, 301)	Lester	Unknown	[274 242 135 237]	[274 242 409 479]
72	(640, 305)	Franklin	Unknown	[587 238 107 269]	[587 238 694 507]
72	(962, 306)	Amanda	Unknown	[912 245 100 245]	[ 912  245 1012  490]
73	(341, 300)	Lester	Unknown	[274 241 135 238]	[274 241 409 479]
73	(639, 305)	Franklin	Unknown	[588 238 103 268]	[588 238 691 506]
73	(961, 305)	Amanda	Unknown	[912 244  99 245]	[ 912  244 1011  489]
74	(341, 299)	Lester	Unknown	[274 240 135 237]	[274 240 409 477]
74	(641, 303)	Franklin	Unknown	[590 236 102 268]	[590 236 692 504]
74	(961, 303)	Amanda	Unknown	[912 242  99 246]	[ 912  242 1011  488]
75	(341, 298)	Lester	Unknown	[274 239 134 237]	[274 239 408 476]
75	(641, 304)	Franklin	Unknown	[590 237 103 269]	[590 237 693 506]
75	(962, 303)	Amanda	Unknown	[913 242  98 245]	[ 913  242 1011  487]
76	(341, 298)	Lester	Unknown	[274 239 134 237]	[274 239 408 476]
76	(643, 304)	Franklin	Unknown	[590 237 106 268]	[590 237 696 505]
76	(962, 303)	Amanda	Unknown	[913 242  98 245]	[ 913  242 1011  487]
77	(340, 298)	Lester	Unknown	[276 239 129 238]	[276 239 405 477]
77	(644, 303)	Franklin	Unknown	[591 236 106 269]	[591 236 697 505]
77	(961, 303)	Amanda	Unknown	[912 242  99 246]	[ 912  242 1011  488]
78	(340, 298)	Lester	Unknown	[276 239 128 238]	[276 239 404 477]
78	(644, 303)	Franklin	Unknown	[592 236 105 269]	[592 236 697 505]
78	(962, 303)	Amanda	Unknown	[912 241 100 249]	[ 912  241 1012  490]
79	(340, 297)	Lester	Unknown	[276 238 128 239]	[276 238 404 477]
79	(645, 303)	Franklin	Unknown	[592 236 107 269]	[592 236 699 505]
79	(963, 306)	Amanda	Unknown	[913 245 100 245]	[ 913  245 1013  490]
80	(340, 297)	Lester	Unknown	[276 238 128 239]	[276 238 404 477]
80	(645, 303)	Franklin	Unknown	[592 236 107 270]	[592 236 699 506]
80	(963, 307)	Amanda	Unknown	[912 247 103 243]	[ 912  247 1015  490]
81	(340, 296)	Lester	Unknown	[275 237 130 239]	[275 237 405 476]
81	(646, 303)	Franklin	Unknown	[593 236 106 270]	[593 236 699 506]
81	(962, 309)	Amanda	Unknown	[909 249 106 242]	[ 909  249 1015  491]
82	(340, 296)	Lester	Unknown	[275 237 130 239]	[275 237 405 476]
82	(645, 303)	Franklin	Unknown	[593 236 105 270]	[593 236 698 506]
82	(958, 310)	Amanda	Unknown	[903 250 110 242]	[ 903  250 1013  492]
83	(340, 296)	Lester	Unknown	[275 237 131 239]	[275 237 406 476]
83	(644, 303)	Franklin	Unknown	[593 236 103 270]	[593 236 696 506]
83	(953, 310)	Amanda	Unknown	[895 250 116 243]	[ 895  250 1011  493]
84	(340, 297)	Lester	Unknown	[275 237 131 240]	[275 237 406 477]
84	(644, 303)	Franklin	Unknown	[594 236 101 270]	[594 236 695 506]
84	(943, 311)	Amanda	Unknown	[880 250 126 244]	[ 880  250 1006  494]
85	(340, 296)	Lester	Unknown	[275 236 131 241]	[275 236 406 477]
85	(644, 303)	Franklin	Unknown	[594 236 100 270]	[594 236 694 506]
85	(932, 314)	Amanda	Unknown	[866 254 133 240]	[866 254 999 494]
86	(341, 296)	Lester	Unknown	[277 236 128 241]	[277 236 405 477]
86	(644, 303)	Franklin	Unknown	[594 236 100 270]	[594 236 694 506]
86	(921, 316)	Amanda	Unknown	[855 257 132 238]	[855 257 987 495]
87	(341, 296)	Lester	Unknown	[277 236 128 241]	[277 236 405 477]
87	(644, 303)	Franklin	Unknown	[594 236 100 270]	[594 236 694 506]
87	(912, 321)	Amanda	Unknown	[848 260 129 245]	[848 260 977 505]
88	(341, 296)	Lester	Unknown	[277 236 128 241]	[277 236 405 477]
88	(644, 303)	Franklin	Unknown	[594 236 101 270]	[594 236 695 506]
88	(910, 325)	Amanda	Unknown	[847 265 126 242]	[847 265 973 507]
89	(341, 295)	Lester	Unknown	[277 235 128 242]	[277 235 405 477]
89	(644, 303)	Franklin	Unknown	[594 236 101 270]	[594 236 695 506]
89	(910, 325)	Amanda	Unknown	[848 265 125 241]	[848 265 973 506]
90	(341, 295)	Lester	Unknown	[277 235 128 242]	[277 235 405 477]
90	(645, 303)	Franklin	Unknown	[594 236 102 270]	[594 236 696 506]
90	(903, 323)	Amanda	Unknown	[846 263 115 241]	[846 263 961 504]
91	(341, 294)	Lester	Unknown	[276 234 130 243]	[276 234 406 477]
91	(645, 303)	Franklin	Unknown	[594 236 102 270]	[594 236 696 506]
91	(888, 320)	Amanda	Unknown	[845 260  87 242]	[845 260 932 502]
92	(341, 295)	Lester	Unknown	[276 236 131 239]	[276 236 407 475]
92	(645, 303)	Franklin	Unknown	[594 236 102 270]	[594 236 696 506]
92	(871, 322)	Amanda	Unknown	[831 260  80 250]	[831 260 911 510]
93	(342, 298)	Lester	Unknown	[281 239 122 236]	[281 239 403 475]
93	(645, 303)	Franklin	Unknown	[594 236 102 270]	[594 236 696 506]
93	(861, 328)	Amanda	Unknown	[817 262  89 264]	[817 262 906 526]
94	(351, 301)	Lester	Unknown	[289 242 124 236]	[289 242 413 478]
94	(644, 303)	Franklin	Unknown	[594 236 101 270]	[594 236 695 506]
94	(835, 333)	Amanda	Unknown	[763 267 145 264]	[763 267 908 531]
95	(359, 302)	Lester	Unknown	[301 244 117 232]	[301 244 418 476]
95	(644, 303)	Franklin	Unknown	[594 236 101 269]	[594 236 695 505]
95	(820, 337)	Amanda	Unknown	[737 273 166 258]	[737 273 903 531]
96	(370, 301)	Lester	Unknown	[315 244 111 231]	[315 244 426 475]
96	(645, 303)	Franklin	Unknown	[595 236 100 269]	[595 236 695 505]
96	(808, 342)	Amanda	Unknown	[721 276 174 266]	[721 276 895 542]
97	(377, 298)	Lester	Unknown	[320 240 114 234]	[320 240 434 474]
97	(645, 303)	Franklin	Unknown	[595 236 100 269]	[595 236 695 505]
97	(793, 344)	Amanda	Unknown	[716 279 154 263]	[716 279 870 542]
98	(381, 297)	Lester	Unknown	[326 238 111 238]	[326 238 437 476]
98	(645, 303)	Franklin	Unknown	[595 236 100 269]	[595 236 695 505]
98	(780, 344)	Amanda	Unknown	[723 278 114 265]	[723 278 837 543]
99	(391, 294)	Lester	Unknown	[344 233  94 246]	[344 233 438 479]
99	(645, 303)	Franklin	Unknown	[595 236 100 269]	[595 236 695 505]
99	(762, 344)	Amanda	Unknown	[724 278  76 264]	[724 278 800 542]
100	(406, 294)	Lester	Unknown	[349 232 115 249]	[349 232 464 481]
100	(645, 303)	Franklin	Unknown	[595 236 100 268]	[595 236 695 504]
100	(741, 345)	Amanda	Unknown	[699 280  85 260]	[699 280 784 540]
101	(425, 299)	Lester	Unknown	[356 234 139 262]	[356 234 495 496]
101	(644, 303)	Franklin	Unknown	[595 237  99 266]	[595 237 694 503]
101	(712, 351)	Amanda	Unknown	[644 287 136 259]	[644 287 780 546]
102	(438, 301)	Lester	Unknown	[361 235 154 266]	[361 235 515 501]
102	(644, 303)	Franklin	Unknown	[595 237  98 264]	[595 237 693 501]
102	(701, 359)	Amanda	Unknown	[619 294 165 261]	[619 294 784 555]
103	(445, 303)	Lester	Unknown	[368 237 155 265]	[368 237 523 502]
103	(638, 303)	Franklin	Unknown	[593 237  90 264]	[593 237 683 501]
103	(692, 366)	Amanda	Unknown	[606 298 173 275]	[606 298 779 573]
104	(454, 306)	Lester	Unknown	[377 239 154 269]	[377 239 531 508]
104	(639, 297)	Franklin	Unknown	[593 236  93 245]	[593 236 686 481]
104	(681, 367)	Amanda	Unknown	[603 299 157 274]	[603 299 760 573]
105	(460, 306)	Lester	Unknown	[392 239 137 271]	[392 239 529 510]
105	(645, 284)	Franklin	Unknown	[593 236 105 192]	[593 236 698 428]
105	(659, 367)	Amanda	Unknown	[601 299 117 273]	[601 299 718 572]
106	(464, 308)	Lester	Unknown	[409 241 111 270]	[409 241 520 511]
106	(639, 367)	Amanda	Unknown	[593 299  92 274]	[593 299 685 573]
106	(642, 303)	Franklin	Unknown	[590 238 105 260]	[590 238 695 498]
107	(474, 307)	Lester	Unknown	[426 240  97 270]	[426 240 523 510]
107	(609, 370)	Amanda	Unknown	[570 300  78 282]	[570 300 648 582]
107	(641, 305)	Franklin	Unknown	[590 238 102 269]	[590 238 692 507]
108	(495, 310)	Lester	Unknown	[440 244 111 266]	[440 244 551 510]
108	(588, 379)	Amanda	Unknown	[530 307 117 290]	[530 307 647 597]
108	(642, 305)	Franklin	Unknown	[593 238  99 268]	[593 238 692 506]
109	(502, 313)	Lester	Unknown	[450 248 104 261]	[450 248 554 509]
109	(564, 388)	Amanda	Unknown	[483 316 163 288]	[483 316 646 604]
109	(639, 305)	Franklin	Unknown	[587 238 105 269]	[587 238 692 507]
110	(511, 317)	Lester	Unknown	[462 253  98 257]	[462 253 560 510]
110	(552, 396)	Amanda	Unknown	[463 325 179 287]	[463 325 642 612]
110	(637, 305)	Franklin	Unknown	[584 238 107 269]	[584 238 691 507]
111	(522, 293)	Lester	Unknown	[468 258 108 143]	[468 258 576 401]
111	(543, 397)	Amanda	Unknown	[460 324 167 295]	[460 324 627 619]
111	(637, 305)	Franklin	Unknown	[584 238 106 271]	[584 238 690 509]
112	(507, 401)	Amanda	Unknown	[417 330 181 287]	[417 330 598 617]
112	(540, 325)	Lester	Unknown	[482 261 117 258]	[482 261 599 519]
112	(638, 305)	Franklin	Unknown	[586 238 105 270]	[586 238 691 508]
113	(510, 399)	Amanda	Unknown	[451 326 118 292]	[451 326 569 618]
113	(550, 333)	Lester	Unknown	[499 265 102 275]	[499 265 601 540]
113	(638, 304)	Franklin	Unknown	[588 236 101 272]	[588 236 689 508]
114	(480, 396)	Amanda	Unknown	[438 323  84 294]	[438 323 522 617]
114	(548, 338)	Lester	Unknown	[493 268 111 281]	[493 268 604 549]
114	(640, 303)	Franklin	Unknown	[592 235  97 273]	[592 235 689 508]
115	(463, 400)	Amanda	Unknown	[406 328 115 288]	[406 328 521 616]
115	(559, 339)	Lester	Unknown	[508 270 102 278]	[508 270 610 548]
115	(641, 303)	Franklin	Unknown	[594 236  95 271]	[594 236 689 507]
116	(439, 405)	Amanda	Unknown	[353 333 173 288]	[353 333 526 621]
116	(578, 340)	Lester	Unknown	[525 273 107 270]	[525 273 632 543]
116	(644, 304)	Franklin	Unknown	[599 236  91 272]	[599 236 690 508]
117	(428, 414)	Amanda	Unknown	[327 343 202 286]	[327 343 529 629]
117	(591, 343)	Lester	Unknown	[534 276 115 270]	[534 276 649 546]
117	(647, 304)	Franklin	Unknown	[604 235  86 278]	[604 235 690 513]
118	(423, 420)	Amanda	Unknown	[320 348 206 288]	[320 348 526 636]
118	(593, 344)	Lester	Unknown	[534 278 119 267]	[534 278 653 545]
118	(648, 304)	Franklin	Unknown	[606 235  85 279]	[606 235 691 514]
119	(419, 421)	Amanda	Unknown	[325 350 188 285]	[325 350 513 635]
119	(596, 344)	Lester	Unknown	[539 278 114 267]	[539 278 653 545]
119	(648, 304)	Franklin	Unknown	[606 234  85 280]	[606 234 691 514]
120	(408, 419)	Amanda	Unknown	[334 348 148 286]	[334 348 482 634]
120	(599, 344)	Lester	Unknown	[548 278 103 267]	[548 278 651 545]
120	(648, 304)	Franklin	Unknown	[605 234  86 281]	[605 234 691 515]
121	(396, 415)	Amanda	Unknown	[337 343 119 290]	[337 343 456 633]
121	(603, 347)	Lester	Unknown	[554 278  99 279]	[554 278 653 557]
121	(641, 301)	Franklin	Unknown	[592 234  98 271]	[592 234 690 505]
122	(393, 415)	Amanda	Unknown	[345 339  96 307]	[345 339 441 646]
122	(614, 353)	Lester	Unknown	[565 281  98 290]	[565 281 663 571]
122	(644, 301)	Franklin	Unknown	[592 234 104 271]	[592 234 696 505]
123	(390, 414)	Amanda	Unknown	[347 336  86 314]	[347 336 433 650]
123	(616, 357)	Lester	Unknown	[569 284  95 294]	[569 284 664 578]
123	(643, 301)	Franklin	Unknown	[591 234 105 269]	[591 234 696 503]
124	(391, 413)	Amanda	Unknown	[347 334  89 318]	[347 334 436 652]
124	(623, 363)	Lester	Unknown	[576 288  95 302]	[576 288 671 590]
124	(643, 300)	Franklin	Unknown	[591 233 105 269]	[591 233 696 502]
125	(394, 412)	Amanda	Unknown	[349 333  91 319]	[349 333 440 652]
125	(628, 370)	Lester	Unknown	[572 291 113 316]	[572 291 685 607]
125	(643, 300)	Franklin	Unknown	[591 234 105 267]	[591 234 696 501]
126	(396, 412)	Amanda	Unknown	[351 334  91 312]	[351 334 442 646]
126	(627, 376)	Lester	Unknown	[566 298 123 315]	[566 298 689 613]
127	(392, 412)	Amanda	Unknown	[342 334 101 312]	[342 334 443 646]
127	(627, 381)	Lester	Unknown	[566 301 123 322]	[566 301 689 623]
128	(394, 414)	Amanda	Unknown	[334 337 120 309]	[334 337 454 646]
128	(631, 380)	Lester	Unknown	[567 302 129 314]	[567 302 696 616]
128	(648, 302)	Franklin	Unknown	[597 237 102 261]	[597 237 699 498]
129	(399, 415)	Amanda	Unknown	[330 338 138 308]	[330 338 468 646]
129	(633, 375)	Lester	Unknown	[569 300 129 303]	[569 300 698 603]
129	(648, 302)	Franklin	Unknown	[597 237 103 262]	[597 237 700 499]
130	(401, 415)	Amanda	Unknown	[326 339 151 307]	[326 339 477 646]
130	(638, 371)	Lester	Unknown	[576 297 124 298]	[576 297 700 595]
130	(647, 301)	Franklin	Unknown	[595 236 105 262]	[595 236 700 498]
131	(405, 416)	Amanda	Unknown	[325 340 160 305]	[325 340 485 645]
131	(639, 371)	Lester	Unknown	[583 297 112 299]	[583 297 695 596]
132	(409, 415)	Amanda	Unknown	[329 340 161 303]	[329 340 490 643]
132	(639, 276)	Unknown	Unknown	[593 236  93 163]	[593 236 686 399]
132	(644, 370)	Lester	Unknown	[594 297 100 293]	[594 297 694 590]
133	(411, 417)	Amanda	Unknown	[333 341 156 305]	[333 341 489 646]
133	(633, 278)	Unknown	Unknown	[588 236  91 169]	[588 236 679 405]
133	(653, 372)	Lester	Unknown	[594 300 119 289]	[594 300 713 589]
134	(408, 417)	Amanda	Unknown	[338 340 140 308]	[338 340 478 648]
134	(633, 284)	Franklin	Unknown	[586 236  95 193]	[586 236 681 429]
134	(664, 375)	Lester	Unknown	[594 305 140 280]	[594 305 734 585]
135	(402, 418)	Amanda	Unknown	[336 341 133 308]	[336 341 469 649]
135	(631, 303)	Franklin	Unknown	[584 237  95 265]	[584 237 679 502]
135	(670, 374)	Lester	Unknown	[593 304 155 281]	[593 304 748 585]
136	(395, 418)	Amanda	Unknown	[333 342 124 307]	[333 342 457 649]
136	(631, 302)	Franklin	Unknown	[584 236  95 266]	[584 236 679 502]
136	(678, 368)	Lester	Unknown	[598 298 161 283]	[598 298 759 581]
137	(392, 419)	Amanda	Unknown	[329 342 126 308]	[329 342 455 650]
137	(634, 302)	Franklin	Unknown	[583 236 102 267]	[583 236 685 503]
137	(692, 367)	Lester	Unknown	[616 293 152 297]	[616 293 768 590]
138	(391, 419)	Amanda	Unknown	[328 342 127 308]	[328 342 455 650]
138	(635, 302)	Franklin	Unknown	[584 236 102 266]	[584 236 686 502]
138	(715, 361)	Lester	Unknown	[652 290 127 287]	[652 290 779 577]
139	(392, 418)	Amanda	Unknown	[329 341 126 309]	[329 341 455 650]
139	(638, 302)	Franklin	Unknown	[586 235 104 268]	[586 235 690 503]
139	(737, 365)	Lester	Unknown	[681 291 112 299]	[681 291 793 590]
140	(390, 419)	Amanda	Unknown	[328 342 125 308]	[328 342 453 650]
140	(640, 302)	Franklin	Unknown	[589 235 102 268]	[589 235 691 503]
140	(754, 365)	Lester	Unknown	[695 290 119 300]	[695 290 814 590]
141	(391, 419)	Amanda	Unknown	[329 342 124 309]	[329 342 453 651]
141	(643, 302)	Franklin	Unknown	[593 235 100 269]	[593 235 693 504]
141	(780, 368)	Lester	Unknown	[696 293 168 301]	[696 293 864 594]
142	(391, 419)	Amanda	Unknown	[329 342 124 309]	[329 342 453 651]
142	(645, 303)	Franklin	Unknown	[595 236 101 268]	[595 236 696 504]
142	(785, 371)	Lester	Unknown	[695 296 180 303]	[695 296 875 599]
143	(391, 419)	Amanda	Unknown	[329 342 124 309]	[329 342 453 651]
143	(647, 303)	Franklin	Unknown	[596 236 102 268]	[596 236 698 504]
143	(792, 373)	Lester	Unknown	[707 297 170 304]	[707 297 877 601]
144	(391, 420)	Amanda	Unknown	[329 343 125 308]	[329 343 454 651]
144	(646, 302)	Franklin	Unknown	[595 236 103 267]	[595 236 698 503]
144	(811, 372)	Lester	Unknown	[738 297 146 303]	[738 297 884 600]
145	(391, 419)	Amanda	Unknown	[329 342 124 309]	[329 342 453 651]
145	(644, 303)	Franklin	Unknown	[593 236 102 268]	[593 236 695 504]
145	(853, 371)	Lester	Unknown	[788 297 130 298]	[788 297 918 595]
146	(391, 419)	Amanda	Unknown	[329 342 124 309]	[329 342 453 651]
146	(641, 303)	Franklin	Unknown	[590 236 103 268]	[590 236 693 504]
146	(866, 372)	Lester	Unknown	[787 299 158 295]	[787 299 945 594]
147	(391, 419)	Amanda	Unknown	[329 342 125 309]	[329 342 454 651]
147	(640, 303)	Franklin	Unknown	[588 236 104 268]	[588 236 692 504]
147	(875, 376)	Lester	Unknown	[785 305 181 285]	[785 305 966 590]
148	(391, 419)	Amanda	Unknown	[329 342 125 309]	[329 342 454 651]
148	(639, 303)	Franklin	Unknown	[587 236 104 268]	[587 236 691 504]
148	(883, 379)	Lester	Unknown	[785 309 197 283]	[785 309 982 592]
149	(391, 420)	Amanda	Unknown	[329 343 125 308]	[329 343 454 651]
149	(638, 303)	Franklin	Unknown	[586 236 105 269]	[586 236 691 505]
149	(895, 381)	Lester	Unknown	[788 310 215 284]	[ 788  310 1003  594]
150	(391, 420)	Amanda	Unknown	[329 343 125 308]	[329 343 454 651]
150	(637, 303)	Franklin	Unknown	[585 236 105 270]	[585 236 690 506]
150	(907, 380)	Lester	Unknown	[802 309 210 285]	[ 802  309 1012  594]
151	(391, 420)	Amanda	Unknown	[329 343 124 308]	[329 343 453 651]
151	(637, 304)	Franklin	Unknown	[585 237 105 270]	[585 237 690 507]
151	(927, 377)	Lester	Unknown	[830 305 195 291]	[ 830  305 1025  596]
152	(391, 420)	Amanda	Unknown	[329 343 124 308]	[329 343 453 651]
152	(637, 304)	Franklin	Unknown	[585 237 105 269]	[585 237 690 506]
152	(951, 377)	Lester	Unknown	[864 304 174 294]	[ 864  304 1038  598]
153	(391, 420)	Amanda	Unknown	[329 343 124 308]	[329 343 453 651]
153	(638, 304)	Franklin	Unknown	[586 237 105 269]	[586 237 691 506]
153	(972, 376)	Lester	Unknown	[898 303 148 292]	[ 898  303 1046  595]
154	(391, 420)	Amanda	Unknown	[329 343 124 308]	[329 343 453 651]
154	(641, 304)	Franklin	Unknown	[588 237 107 269]	[588 237 695 506]
154	(979, 381)	Lester	Unknown	[908 306 143 303]	[ 908  306 1051  609]
155	(391, 420)	Amanda	Unknown	[329 343 124 308]	[329 343 453 651]
155	(643, 304)	Franklin	Unknown	[590 237 107 269]	[590 237 697 506]
155	(984, 383)	Lester	Unknown	[912 307 145 306]	[ 912  307 1057  613]
156	(391, 420)	Amanda	Unknown	[329 343 124 308]	[329 343 453 651]
156	(646, 304)	Franklin	Unknown	[594 237 105 269]	[594 237 699 506]
156	(988, 383)	Lester	Unknown	[915 307 147 305]	[ 915  307 1062  612]
157	(391, 420)	Amanda	Unknown	[329 343 124 308]	[329 343 453 651]
157	(648, 304)	Franklin	Unknown	[595 237 107 269]	[595 237 702 506]
157	(990, 384)	Lester	Unknown	[915 308 150 304]	[ 915  308 1065  612]
158	(391, 420)	Amanda	Unknown	[329 343 124 308]	[329 343 453 651]
158	(649, 304)	Franklin	Unknown	[596 237 107 269]	[596 237 703 506]
158	(990, 386)	Lester	Unknown	[916 310 149 306]	[ 916  310 1065  616]
159	(391, 420)	Amanda	Unknown	[329 343 124 308]	[329 343 453 651]
159	(650, 304)	Franklin	Unknown	[596 237 108 269]	[596 237 704 506]
159	(991, 387)	Lester	Unknown	[916 311 150 304]	[ 916  311 1066  615]
160	(391, 420)	Amanda	Unknown	[329 343 124 308]	[329 343 453 651]
160	(650, 304)	Franklin	Unknown	[596 237 109 270]	[596 237 705 507]
160	(992, 388)	Lester	Unknown	[917 312 150 304]	[ 917  312 1067  616]
161	(391, 420)	Amanda	Unknown	[329 343 124 308]	[329 343 453 651]
161	(651, 305)	Franklin	Unknown	[596 238 110 269]	[596 238 706 507]
161	(992, 387)	Lester	Unknown	[918 312 149 302]	[ 918  312 1067  614]
162	(391, 420)	Amanda	Unknown	[329 343 124 308]	[329 343 453 651]
162	(650, 305)	Franklin	Unknown	[596 238 109 269]	[596 238 705 507]
162	(992, 387)	Lester	Unknown	[918 312 148 303]	[ 918  312 1066  615]
163	(391, 420)	Amanda	Unknown	[329 343 124 308]	[329 343 453 651]
163	(649, 304)	Franklin	Unknown	[595 237 108 270]	[595 237 703 507]
163	(990, 388)	Lester	Unknown	[916 312 149 304]	[ 916  312 1065  616]
164	(391, 420)	Amanda	Unknown	[329 343 125 308]	[329 343 454 651]
164	(648, 304)	Franklin	Unknown	[594 237 108 270]	[594 237 702 507]
164	(990, 387)	Lester	Unknown	[916 311 148 305]	[ 916  311 1064  616]
165	(391, 420)	Amanda	Unknown	[329 343 125 308]	[329 343 454 651]
165	(645, 303)	Franklin	Unknown	[592 236 107 271]	[592 236 699 507]
165	(990, 386)	Lester	Unknown	[917 310 146 306]	[ 917  310 1063  616]
166	(391, 420)	Amanda	Unknown	[329 343 124 308]	[329 343 453 651]
166	(644, 303)	Franklin	Unknown	[590 236 108 271]	[590 236 698 507]
166	(989, 386)	Lester	Unknown	[916 310 146 307]	[ 916  310 1062  617]
167	(391, 419)	Amanda	Unknown	[329 343 124 307]	[329 343 453 650]
167	(643, 304)	Franklin	Unknown	[588 237 110 270]	[588 237 698 507]
167	(988, 387)	Lester	Unknown	[914 311 149 305]	[ 914  311 1063  616]
168	(391, 419)	Amanda	Unknown	[329 342 124 309]	[329 342 453 651]
168	(643, 304)	Franklin	Unknown	[587 237 112 270]	[587 237 699 507]
168	(989, 389)	Lester	Unknown	[912 314 155 302]	[ 912  314 1067  616]
169	(391, 420)	Amanda	Unknown	[329 343 124 308]	[329 343 453 651]
169	(643, 304)	Franklin	Unknown	[587 237 112 270]	[587 237 699 507]
169	(992, 395)	Lester	Unknown	[912 321 160 297]	[ 912  321 1072  618]
170	(391, 419)	Amanda	Unknown	[329 342 124 309]	[329 342 453 651]
170	(643, 304)	Franklin	Unknown	[587 237 113 270]	[587 237 700 507]
170	(995, 398)	Lester	Unknown	[913 326 165 291]	[ 913  326 1078  617]
171	(391, 419)	Amanda	Unknown	[329 342 124 309]	[329 342 453 651]
171	(644, 304)	Franklin	Unknown	[588 237 113 270]	[588 237 701 507]
171	(996, 397)	Lester	Unknown	[914 327 165 282]	[ 914  327 1079  609]
172	(391, 419)	Amanda	Unknown	[329 342 124 309]	[329 342 453 651]
172	(644, 304)	Franklin	Unknown	[588 237 113 270]	[588 237 701 507]
172	(995, 396)	Lester	Unknown	[914 328 162 274]	[ 914  328 1076  602]
173	(391, 419)	Amanda	Unknown	[329 342 124 309]	[329 342 453 651]
173	(645, 304)	Franklin	Unknown	[588 237 114 271]	[588 237 702 508]
173	(994, 396)	Lester	Unknown	[916 328 156 273]	[ 916  328 1072  601]
174	(391, 419)	Amanda	Unknown	[329 342 124 309]	[329 342 453 651]
174	(645, 304)	Franklin	Unknown	[588 237 114 270]	[588 237 702 507]
174	(990, 397)	Lester	Unknown	[917 329 146 272]	[ 917  329 1063  601]
175	(391, 419)	Amanda	Unknown	[329 342 124 309]	[329 342 453 651]
175	(645, 304)	Franklin	Unknown	[588 236 114 272]	[588 236 702 508]
175	(988, 396)	Lester	Unknown	[917 329 143 271]	[ 917  329 1060  600]
176	(391, 419)	Amanda	Unknown	[329 342 124 309]	[329 342 453 651]
176	(644, 304)	Franklin	Unknown	[586 237 116 271]	[586 237 702 508]
176	(986, 397)	Lester	Unknown	[915 329 142 272]	[ 915  329 1057  601]
177	(391, 419)	Amanda	Unknown	[329 342 124 309]	[329 342 453 651]
177	(644, 304)	Franklin	Unknown	[586 237 116 271]	[586 237 702 508]
177	(984, 398)	Lester	Unknown	[912 330 144 274]	[ 912  330 1056  604]
178	(391, 419)	Amanda	Unknown	[329 342 124 309]	[329 342 453 651]
178	(643, 304)	Franklin	Unknown	[586 237 115 270]	[586 237 701 507]
178	(986, 398)	Lester	Unknown	[913 330 146 274]	[ 913  330 1059  604]
179	(391, 419)	Amanda	Unknown	[329 342 124 309]	[329 342 453 651]
179	(642, 304)	Franklin	Unknown	[585 237 115 270]	[585 237 700 507]
179	(989, 397)	Lester	Unknown	[913 329 152 274]	[ 913  329 1065  603]
180	(391, 419)	Amanda	Unknown	[329 342 124 309]	[329 342 453 651]
180	(642, 304)	Franklin	Unknown	[584 236 116 272]	[584 236 700 508]
180	(993, 395)	Lester	Unknown	[915 326 156 278]	[ 915  326 1071  604]
181	(391, 419)	Amanda	Unknown	[329 343 124 307]	[329 343 453 650]
181	(642, 304)	Franklin	Unknown	[584 236 116 272]	[584 236 700 508]
181	(995, 393)	Lester	Unknown	[916 323 159 282]	[ 916  323 1075  605]
182	(390, 420)	Amanda	Unknown	[328 343 124 308]	[328 343 452 651]
182	(642, 304)	Franklin	Unknown	[584 236 116 272]	[584 236 700 508]
182	(993, 391)	Lester	Unknown	[914 320 159 285]	[ 914  320 1073  605]
183	(390, 420)	Amanda	Unknown	[328 343 124 308]	[328 343 452 651]
183	(642, 304)	Franklin	Unknown	[585 236 115 272]	[585 236 700 508]
183	(989, 388)	Lester	Unknown	[910 316 158 288]	[ 910  316 1068  604]
184	(390, 420)	Amanda	Unknown	[328 343 124 308]	[328 343 452 651]
184	(643, 303)	Franklin	Unknown	[586 236 114 271]	[586 236 700 507]
184	(983, 387)	Lester	Unknown	[905 315 156 288]	[ 905  315 1061  603]
185	(389, 420)	Amanda	Unknown	[328 343 123 308]	[328 343 451 651]
185	(642, 304)	Franklin	Unknown	[585 237 115 270]	[585 237 700 507]
185	(981, 386)	Lester	Unknown	[904 314 155 289]	[ 904  314 1059  603]
186	(389, 419)	Amanda	Unknown	[328 342 123 308]	[328 342 451 650]
186	(643, 304)	Franklin	Unknown	[585 237 116 270]	[585 237 701 507]
186	(983, 386)	Lester	Unknown	[905 314 156 289]	[ 905  314 1061  603]
187	(389, 419)	Amanda	Unknown	[328 342 123 309]	[328 342 451 651]
187	(644, 304)	Franklin	Unknown	[587 237 114 269]	[587 237 701 506]
187	(987, 387)	Lester	Unknown	[909 315 156 288]	[ 909  315 1065  603]
188	(389, 420)	Amanda	Unknown	[328 343 123 308]	[328 343 451 651]
188	(643, 303)	Franklin	Unknown	[585 236 116 271]	[585 236 701 507]
188	(990, 387)	Lester	Unknown	[912 315 157 288]	[ 912  315 1069  603]
189	(389, 419)	Amanda	Unknown	[328 343 123 307]	[328 343 451 650]
189	(643, 304)	Franklin	Unknown	[585 237 116 270]	[585 237 701 507]
189	(994, 386)	Lester	Unknown	[915 314 158 289]	[ 915  314 1073  603]
190	(389, 419)	Amanda	Unknown	[328 343 123 307]	[328 343 451 650]
190	(642, 305)	Franklin	Unknown	[584 238 117 268]	[584 238 701 506]
190	(997, 386)	Lester	Unknown	[918 314 158 290]	[ 918  314 1076  604]
191	(389, 419)	Amanda	Unknown	[328 343 123 307]	[328 343 451 650]
191	(642, 305)	Franklin	Unknown	[584 238 117 268]	[584 238 701 506]
191	(996, 385)	Lester	Unknown	[919 312 155 293]	[ 919  312 1074  605]
192	(389, 419)	Amanda	Unknown	[328 343 123 307]	[328 343 451 650]
192	(642, 305)	Franklin	Unknown	[584 238 117 268]	[584 238 701 506]
192	(995, 385)	Lester	Unknown	[919 312 152 293]	[ 919  312 1071  605]
193	(389, 420)	Amanda	Unknown	[327 343 124 308]	[327 343 451 651]
193	(642, 306)	Franklin	Unknown	[584 239 117 268]	[584 239 701 507]
193	(992, 387)	Lester	Unknown	[915 314 155 292]	[ 915  314 1070  606]
194	(389, 420)	Amanda	Unknown	[328 343 123 308]	[328 343 451 651]
194	(642, 306)	Franklin	Unknown	[584 239 117 268]	[584 239 701 507]
194	(991, 387)	Lester	Unknown	[912 315 158 289]	[ 912  315 1070  604]
195	(390, 420)	Amanda	Unknown	[328 343 124 308]	[328 343 452 651]
195	(642, 306)	Franklin	Unknown	[583 239 118 268]	[583 239 701 507]
195	(990, 387)	Lester	Unknown	[911 315 159 289]	[ 911  315 1070  604]
196	(390, 420)	Amanda	Unknown	[328 343 124 308]	[328 343 452 651]
196	(642, 306)	Franklin	Unknown	[583 239 118 268]	[583 239 701 507]
196	(990, 388)	Lester	Unknown	[911 316 159 288]	[ 911  316 1070  604]
197	(390, 420)	Amanda	Unknown	[328 343 124 308]	[328 343 452 651]
197	(642, 306)	Franklin	Unknown	[583 239 118 268]	[583 239 701 507]
197	(990, 388)	Lester	Unknown	[911 316 159 288]	[ 911  316 1070  604]
198	(390, 420)	Amanda	Unknown	[328 343 124 308]	[328 343 452 651]
198	(641, 306)	Franklin	Unknown	[583 239 117 268]	[583 239 700 507]
198	(990, 388)	Lester	Unknown	[911 316 159 288]	[ 911  316 1070  604]
199	(390, 420)	Amanda	Unknown	[328 343 125 308]	[328 343 453 651]
199	(641, 305)	Franklin	Unknown	[583 238 117 269]	[583 238 700 507]
199	(991, 388)	Lester	Unknown	[911 317 160 287]	[ 911  317 1071  604]
200	(390, 419)	Amanda	Unknown	[328 343 125 307]	[328 343 453 650]
200	(641, 305)	Franklin	Unknown	[583 238 117 269]	[583 238 700 507]
200	(991, 388)	Lester	Unknown	[911 317 160 287]	[ 911  317 1071  604]
201	(390, 419)	Amanda	Unknown	[328 343 125 307]	[328 343 453 650]
201	(641, 305)	Franklin	Unknown	[583 238 117 269]	[583 238 700 507]
201	(991, 388)	Lester	Unknown	[912 317 159 287]	[ 912  317 1071  604]
202	(390, 419)	Amanda	Unknown	[328 343 124 307]	[328 343 452 650]
202	(641, 305)	Franklin	Unknown	[583 238 116 269]	[583 238 699 507]
202	(991, 388)	Lester	Unknown	[912 316 159 288]	[ 912  316 1071  604]
203	(390, 420)	Amanda	Unknown	[328 343 124 308]	[328 343 452 651]
203	(641, 304)	Franklin	Unknown	[583 237 116 270]	[583 237 699 507]
203	(991, 388)	Lester	Unknown	[912 316 159 288]	[ 912  316 1071  604]
204	(390, 420)	Amanda	Unknown	[328 343 125 308]	[328 343 453 651]
204	(641, 304)	Franklin	Unknown	[583 237 116 270]	[583 237 699 507]
204	(991, 388)	Lester	Unknown	[912 316 158 288]	[ 912  316 1070  604]
205	(390, 420)	Amanda	Unknown	[328 344 124 307]	[328 344 452 651]
205	(640, 305)	Franklin	Unknown	[583 238 115 269]	[583 238 698 507]
205	(991, 388)	Lester	Unknown	[912 317 158 287]	[ 912  317 1070  604]
206	(390, 420)	Amanda	Unknown	[328 344 124 307]	[328 344 452 651]
206	(640, 305)	Franklin	Unknown	[583 238 115 269]	[583 238 698 507]
206	(991, 388)	Lester	Unknown	[912 317 158 287]	[ 912  317 1070  604]
207	(391, 420)	Amanda	Unknown	[329 344 124 307]	[329 344 453 651]
207	(640, 305)	Franklin	Unknown	[583 238 115 269]	[583 238 698 507]
207	(991, 388)	Lester	Unknown	[912 317 158 287]	[ 912  317 1070  604]
208	(391, 420)	Amanda	Unknown	[329 344 124 307]	[329 344 453 651]
208	(640, 305)	Franklin	Unknown	[583 238 114 269]	[583 238 697 507]
208	(991, 388)	Lester	Unknown	[912 316 158 288]	[ 912  316 1070  604]
209	(391, 420)	Amanda	Unknown	[330 344 123 307]	[330 344 453 651]
209	(640, 305)	Franklin	Unknown	[583 238 114 269]	[583 238 697 507]
209	(991, 387)	Lester	Unknown	[912 315 158 289]	[ 912  315 1070  604]
210	(392, 420)	Amanda	Unknown	[330 344 124 307]	[330 344 454 651]
210	(640, 305)	Franklin	Unknown	[584 238 113 269]	[584 238 697 507]
210	(991, 387)	Lester	Unknown	[912 315 158 289]	[ 912  315 1070  604]
211	(392, 420)	Amanda	Unknown	[330 344 125 307]	[330 344 455 651]
211	(640, 305)	Franklin	Unknown	[584 238 113 269]	[584 238 697 507]
211	(990, 387)	Lester	Unknown	[911 315 159 289]	[ 911  315 1070  604]
212	(392, 420)	Amanda	Unknown	[330 344 125 307]	[330 344 455 651]
212	(641, 305)	Franklin	Unknown	[584 238 114 269]	[584 238 698 507]
212	(990, 387)	Lester	Unknown	[911 315 159 289]	[ 911  315 1070  604]
213	(392, 420)	Amanda	Unknown	[330 344 125 307]	[330 344 455 651]
213	(641, 305)	Franklin	Unknown	[584 238 114 269]	[584 238 698 507]
213	(990, 387)	Lester	Unknown	[911 315 159 289]	[ 911  315 1070  604]
214	(392, 420)	Amanda	Unknown	[330 344 125 307]	[330 344 455 651]
214	(642, 305)	Franklin	Unknown	[585 238 114 269]	[585 238 699 507]
214	(990, 387)	Lester	Unknown	[911 315 159 289]	[ 911  315 1070  604]
215	(392, 420)	Amanda	Unknown	[329 344 126 307]	[329 344 455 651]
215	(642, 305)	Franklin	Unknown	[585 238 114 269]	[585 238 699 507]
215	(990, 387)	Lester	Unknown	[911 315 159 289]	[ 911  315 1070  604]
216	(392, 420)	Amanda	Unknown	[329 344 126 307]	[329 344 455 651]
216	(642, 305)	Franklin	Unknown	[585 238 114 269]	[585 238 699 507]
216	(991, 387)	Lester	Unknown	[912 315 158 289]	[ 912  315 1070  604]
217	(392, 420)	Amanda	Unknown	[328 343 128 308]	[328 343 456 651]
217	(642, 305)	Franklin	Unknown	[584 238 116 269]	[584 238 700 507]
217	(991, 388)	Lester	Unknown	[912 316 159 288]	[ 912  316 1071  604]
218	(392, 420)	Amanda	Unknown	[328 343 128 308]	[328 343 456 651]
218	(642, 305)	Franklin	Unknown	[584 238 116 270]	[584 238 700 508]
218	(991, 388)	Lester	Unknown	[912 317 159 287]	[ 912  317 1071  604]
219	(392, 420)	Amanda	Unknown	[328 343 128 308]	[328 343 456 651]
219	(642, 305)	Franklin	Unknown	[584 238 116 269]	[584 238 700 507]
219	(991, 389)	Lester	Unknown	[912 318 158 286]	[ 912  318 1070  604]
219	(1255, 348)	Unknown	Unknown	[1231  292   49  226]	[1231  292 1280  518]
220	(392, 420)	Amanda	Unknown	[328 343 128 308]	[328 343 456 651]
220	(642, 305)	Franklin	Unknown	[584 238 116 269]	[584 238 700 507]
220	(991, 390)	Lester	Unknown	[912 319 158 285]	[ 912  319 1070  604]
220	(1233, 337)	Unknown	Unknown	[1187  282   93  223]	[1187  282 1280  505]
221	(392, 420)	Amanda	Unknown	[329 343 127 308]	[329 343 456 651]
221	(642, 305)	Franklin	Unknown	[584 238 116 269]	[584 238 700 507]
221	(991, 390)	Lester	Unknown	[913 319 157 285]	[ 913  319 1070  604]
221	(1224, 314)	Unknown	Unknown	[1169  253  111  246]	[1169  253 1280  499]
222	(391, 419)	Amanda	Unknown	[328 342 127 309]	[328 342 455 651]
222	(642, 305)	Franklin	Unknown	[584 238 116 269]	[584 238 700 507]
222	(992, 391)	Lester	Unknown	[914 320 157 284]	[ 914  320 1071  604]
222	(1219, 310)	Unknown	Unknown	[1159  247  121  253]	[1159  247 1280  500]
223	(391, 420)	Amanda	Unknown	[328 343 127 308]	[328 343 455 651]
223	(642, 304)	Franklin	Unknown	[584 237 116 270]	[584 237 700 507]
223	(992, 390)	Lester	Unknown	[914 319 157 285]	[ 914  319 1071  604]
223	(1219, 322)	Trevor	Unknown	[1158  264  122  235]	[1158  264 1280  499]
224	(391, 420)	Amanda	Unknown	[328 343 127 308]	[328 343 455 651]
224	(642, 303)	Franklin	Unknown	[584 236 116 271]	[584 236 700 507]
224	(993, 390)	Lester	Unknown	[914 319 158 285]	[ 914  319 1072  604]
224	(1219, 313)	Trevor	Unknown	[1159  251  121  249]	[1159  251 1280  500]
225	(392, 420)	Amanda	Unknown	[329 343 126 308]	[329 343 455 651]
225	(642, 303)	Franklin	Unknown	[584 236 117 271]	[584 236 701 507]
225	(993, 391)	Lester	Unknown	[914 320 158 284]	[ 914  320 1072  604]
225	(1221, 298)	Trevor	Unknown	[1162  232  118  267]	[1162  232 1280  499]
226	(392, 419)	Amanda	Unknown	[329 342 126 309]	[329 342 455 651]
226	(642, 303)	Franklin	Unknown	[584 236 117 271]	[584 236 701 507]
226	(992, 391)	Lester	Unknown	[913 321 159 283]	[ 913  321 1072  604]
226	(1221, 296)	Trevor	Unknown	[1163  229  117  270]	[1163  229 1280  499]
227	(392, 419)	Amanda	Unknown	[329 342 126 309]	[329 342 455 651]
227	(643, 303)	Franklin	Unknown	[585 236 117 271]	[585 236 702 507]
227	(992, 391)	Lester	Unknown	[912 321 160 283]	[ 912  321 1072  604]
227	(1207, 300)	Trevor	Unknown	[1135  233  145  269]	[1135  233 1280  502]
228	(392, 419)	Amanda	Unknown	[330 342 125 309]	[330 342 455 651]
228	(643, 303)	Franklin	Unknown	[584 236 118 271]	[584 236 702 507]
228	(992, 392)	Lester	Unknown	[912 322 160 282]	[ 912  322 1072  604]
228	(1192, 296)	Trevor	Unknown	[1105  228  175  274]	[1105  228 1280  502]
229	(392, 419)	Amanda	Unknown	[330 342 125 309]	[330 342 455 651]
229	(643, 304)	Franklin	Unknown	[584 236 118 272]	[584 236 702 508]
229	(992, 392)	Lester	Unknown	[912 322 161 282]	[ 912  322 1073  604]
229	(1183, 301)	Trevor	Unknown	[1088  235  191  266]	[1088  235 1279  501]
230	(393, 419)	Amanda	Unknown	[331 342 124 309]	[331 342 455 651]
230	(643, 303)	Franklin	Unknown	[585 236 116 271]	[585 236 701 507]
230	(992, 393)	Lester	Unknown	[912 323 161 281]	[ 912  323 1073  604]
230	(1181, 301)	Trevor	Unknown	[1086  235  191  266]	[1086  235 1277  501]
231	(393, 419)	Amanda	Unknown	[331 342 124 309]	[331 342 455 651]
231	(643, 303)	Franklin	Unknown	[586 236 115 271]	[586 236 701 507]
231	(992, 393)	Lester	Unknown	[912 323 161 281]	[ 912  323 1073  604]
231	(1174, 302)	Trevor	Unknown	[1086  236  177  266]	[1086  236 1263  502]
232	(393, 419)	Amanda	Unknown	[331 342 124 309]	[331 342 455 651]
232	(643, 303)	Franklin	Unknown	[586 235 114 272]	[586 235 700 507]
232	(992, 393)	Lester	Unknown	[912 323 161 281]	[ 912  323 1073  604]
232	(1169, 301)	Trevor	Unknown	[1086  235  166  266]	[1086  235 1252  501]
233	(33, 514)	Michael	Unknown	[  0 446  66 273]	[  0 446  66 719]
233	(393, 419)	Amanda	Unknown	[331 342 124 309]	[331 342 455 651]
233	(643, 303)	Franklin	Unknown	[586 235 114 272]	[586 235 700 507]
233	(992, 392)	Lester	Unknown	[912 322 161 282]	[ 912  322 1073  604]
233	(1165, 298)	Trevor	Unknown	[1087  232  157  267]	[1087  232 1244  499]
234	(29, 505)	Michael	Unknown	[  0 434  58 286]	[  0 434  58 720]
234	(55, 505)	Michael	Unknown	[  0 434 111 284]	[  0 434 111 718]
234	(393, 419)	Amanda	Unknown	[331 342 124 309]	[331 342 455 651]
234	(643, 303)	Franklin	Unknown	[587 236 113 271]	[587 236 700 507]
234	(992, 392)	Lester	Unknown	[912 322 161 282]	[ 912  322 1073  604]
234	(1162, 298)	Trevor	Unknown	[1086  231  152  271]	[1086  231 1238  502]
235	(70, 494)	Michael	Unknown	[  0 419 140 300]	[  0 419 140 719]
235	(393, 420)	Amanda	Unknown	[331 343 124 308]	[331 343 455 651]
235	(643, 304)	Franklin	Unknown	[586 237 114 270]	[586 237 700 507]
235	(992, 392)	Lester	Unknown	[911 322 162 282]	[ 911  322 1073  604]
235	(1155, 299)	Trevor	Unknown	[1081  230  149  276]	[1081  230 1230  506]
236	(107, 487)	Michael	Unknown	[  0 411 214 306]	[  0 411 214 717]
236	(393, 419)	Amanda	Unknown	[331 342 124 309]	[331 342 455 651]
236	(643, 304)	Franklin	Unknown	[586 237 114 271]	[586 237 700 508]
236	(991, 392)	Lester	Unknown	[910 321 163 284]	[ 910  321 1073  605]
236	(1153, 301)	Trevor	Unknown	[1079  232  148  276]	[1079  232 1227  508]
237	(129, 483)	Michael	Unknown	[  2 405 255 312]	[  2 405 257 717]
237	(392, 419)	Michael	Unknown	[330 342 125 309]	[330 342 455 651]
237	(643, 304)	Franklin	Unknown	[586 237 115 270]	[586 237 701 507]
237	(991, 392)	Lester	Unknown	[910 321 163 284]	[ 910  321 1073  605]
237	(1148, 300)	Trevor	Unknown	[1073  232  151  275]	[1073  232 1224  507]
238	(152, 478)	Michael	Unknown	[ 37 398 231 320]	[ 37 398 268 718]
238	(392, 420)	Amanda	Unknown	[330 343 125 308]	[330 343 455 651]
238	(644, 303)	Franklin	Unknown	[587 236 114 271]	[587 236 701 507]
238	(990, 391)	Lester	Unknown	[909 320 163 285]	[ 909  320 1072  605]
238	(1143, 299)	Trevor	Unknown	[1067  231  152  275]	[1067  231 1219  506]
239	(163, 467)	Michael	Unknown	[ 51 384 225 333]	[ 51 384 276 717]
239	(392, 419)	Amanda	Unknown	[330 343 125 307]	[330 343 455 650]
239	(644, 304)	Franklin	Unknown	[587 237 114 270]	[587 237 701 507]
239	(990, 391)	Lester	Unknown	[909 320 163 285]	[ 909  320 1072  605]
239	(1137, 302)	Trevor	Unknown	[1063  235  149  269]	[1063  235 1212  504]
240	(172, 454)	Michael	Unknown	[ 68 367 208 350]	[ 68 367 276 717]
240	(392, 420)	Amanda	Unknown	[330 343 124 308]	[330 343 454 651]
240	(643, 304)	Franklin	Unknown	[585 237 116 271]	[585 237 701 508]
240	(990, 391)	Lester	Unknown	[909 320 163 284]	[ 909  320 1072  604]
240	(1133, 302)	Trevor	Unknown	[1066  236  134  267]	[1066  236 1200  503]
241	(186, 441)	Michael	Unknown	[ 97 350 179 367]	[ 97 350 276 717]
241	(391, 420)	Amanda	Unknown	[329 343 125 308]	[329 343 454 651]
241	(642, 304)	Franklin	Unknown	[584 237 117 271]	[584 237 701 508]
241	(991, 391)	Lester	Unknown	[909 320 165 284]	[ 909  320 1074  604]
241	(1121, 304)	Trevor	Unknown	[1056  238  130  264]	[1056  238 1186  502]
242	(195, 426)	Michael	Unknown	[111 337 169 356]	[111 337 280 693]
242	(391, 420)	Amanda	Unknown	[329 343 125 308]	[329 343 454 651]
242	(642, 305)	Franklin	Unknown	[584 238 117 269]	[584 238 701 507]
242	(992, 390)	Lester	Unknown	[910 319 164 285]	[ 910  319 1074  604]
242	(1108, 306)	Trevor	Unknown	[1044  241  128  262]	[1044  241 1172  503]
243	(212, 418)	Michael	Unknown	[127 327 171 364]	[127 327 298 691]
243	(391, 420)	Amanda	Unknown	[328 343 126 308]	[328 343 454 651]
243	(642, 305)	Franklin	Unknown	[584 238 117 269]	[584 238 701 507]
243	(991, 391)	Lester	Unknown	[910 320 163 284]	[ 910  320 1073  604]
243	(1102, 303)	Trevor	Unknown	[1033  237  139  266]	[1033  237 1172  503]
244	(233, 413)	Michael	Unknown	[145 321 176 369]	[145 321 321 690]
244	(391, 420)	Amanda	Unknown	[328 343 126 308]	[328 343 454 651]
244	(642, 305)	Franklin	Unknown	[584 238 117 269]	[584 238 701 507]
244	(993, 391)	Lester	Unknown	[911 320 164 284]	[ 911  320 1075  604]
244	(1087, 301)	Trevor	Unknown	[1026  235  123  266]	[1026  235 1149  501]
245	(249, 409)	Michael	Unknown	[163 318 173 364]	[163 318 336 682]
245	(389, 420)	Amanda	Unknown	[325 343 129 308]	[325 343 454 651]
245	(642, 306)	Franklin	Unknown	[584 239 117 268]	[584 239 701 507]
245	(991, 389)	Lester	Unknown	[911 317 160 288]	[ 911  317 1071  605]
245	(1065, 298)	Trevor	Unknown	[1019  232   93  265]	[1019  232 1112  497]
246	(262, 403)	Michael	Unknown	[184 314 157 357]	[184 314 341 671]
246	(388, 420)	Amanda	Unknown	[323 343 131 310]	[323 343 454 653]
246	(642, 306)	Franklin	Unknown	[584 239 117 268]	[584 239 701 507]
246	(992, 386)	Lester	Unknown	[912 314 160 290]	[ 912  314 1072  604]
246	(1051, 291)	Trevor	Unknown	[1010  223   83  272]	[1010  223 1093  495]
247	(279, 395)	Michael	Unknown	[208 306 143 358]	[208 306 351 664]
247	(391, 420)	Amanda	Unknown	[329 343 124 309]	[329 343 453 652]
247	(642, 306)	Franklin	Unknown	[583 239 118 268]	[583 239 701 507]
247	(991, 390)	Lester	Unknown	[912 319 158 285]	[ 912  319 1070  604]
247	(1014, 267)	Trevor	Unknown	[955 226 119 167]	[ 955  226 1074  393]
248	(297, 383)	Michael	Unknown	[236 296 122 351]	[236 296 358 647]
248	(391, 419)	Amanda	Unknown	[330 342 123 310]	[330 342 453 652]
248	(642, 306)	Franklin	Unknown	[583 239 118 268]	[583 239 701 507]
248	(988, 391)	Lester	Unknown	[907 320 163 285]	[ 907  320 1070  605]
248	(991, 263)	Trevor	Unknown	[927 231 128 131]	[ 927  231 1055  362]
249	(308, 363)	Michael	Unknown	[256 280 105 332]	[256 280 361 612]
249	(391, 420)	Amanda	Unknown	[330 343 123 309]	[330 343 453 652]
249	(641, 305)	Franklin	Unknown	[583 238 117 269]	[583 238 700 507]
249	(962, 268)	Trevor	Unknown	[902 238 120 120]	[ 902  238 1022  358]
249	(987, 388)	Lester	Unknown	[904 316 167 288]	[ 904  316 1071  604]
250	(321, 350)	Michael	Unknown	[272 273  99 308]	[272 273 371 581]
250	(392, 421)	Amanda	Unknown	[332 345 121 306]	[332 345 453 651]
250	(641, 306)	Franklin	Unknown	[583 239 117 268]	[583 239 700 507]
250	(942, 271)	Trevor	Unknown	[882 240 120 125]	[ 882  240 1002  365]
250	(989, 387)	Lester	Unknown	[907 315 164 289]	[ 907  315 1071  604]
251	(341, 329)	Michael	Unknown	[290 268 102 244]	[290 268 392 512]
251	(392, 423)	Amanda	Unknown	[332 347 121 304]	[332 347 453 651]
251	(641, 305)	Franklin	Unknown	[583 238 117 269]	[583 238 700 507]
251	(922, 295)	Trevor	Unknown	[861 234 123 246]	[861 234 984 480]
251	(989, 387)	Lester	Unknown	[907 315 164 289]	[ 907  315 1071  604]
252	(359, 308)	Michael	Unknown	[309 266 101 171]	[309 266 410 437]
252	(392, 421)	Amanda	Unknown	[330 345 125 306]	[330 345 455 651]
252	(641, 304)	Franklin	Unknown	[583 237 117 270]	[583 237 700 507]
252	(915, 293)	Trevor	Unknown	[864 230 102 252]	[864 230 966 482]
252	(992, 389)	Lester	Unknown	[914 317 156 288]	[ 914  317 1070  605]
253	(374, 300)	Michael	Unknown	[328 266  93 136]	[328 266 421 402]
253	(391, 420)	Amanda	Unknown	[330 343 122 308]	[330 343 452 651]
253	(641, 304)	Franklin	Unknown	[583 237 117 271]	[583 237 700 508]
253	(906, 289)	Trevor	Unknown	[866 225  81 259]	[866 225 947 484]
253	(991, 389)	Lester	Unknown	[913 317 157 288]	[ 913  317 1070  605]
254	(391, 420)	Amanda	Unknown	[330 344 122 306]	[330 344 452 650]
254	(410, 322)	Michael	Unknown	[343 264 135 234]	[343 264 478 498]
254	(641, 304)	Franklin	Unknown	[583 237 116 270]	[583 237 699 507]
254	(891, 289)	Trevor	Unknown	[850 224  83 262]	[850 224 933 486]
254	(989, 388)	Lester	Unknown	[909 316 161 288]	[ 909  316 1070  604]
255	(390, 419)	Amanda	Unknown	[328 343 125 307]	[328 343 453 650]
255	(427, 318)	Michael	Unknown	[360 258 135 241]	[360 258 495 499]
255	(641, 304)	Franklin	Unknown	[583 237 117 271]	[583 237 700 508]
255	(868, 289)	Trevor	Unknown	[815 224 107 263]	[815 224 922 487]
255	(990, 387)	Lester	Unknown	[910 315 160 289]	[ 910  315 1070  604]
256	(390, 421)	Amanda	Unknown	[328 345 124 305]	[328 345 452 650]
256	(432, 311)	Michael	Unknown	[366 248 132 255]	[366 248 498 503]
256	(640, 304)	Franklin	Unknown	[583 237 115 270]	[583 237 698 507]
256	(849, 292)	Trevor	Unknown	[781 227 137 260]	[781 227 918 487]
256	(991, 387)	Lester	Unknown	[912 315 158 289]	[ 912  315 1070  604]
257	(390, 421)	Amanda	Unknown	[328 345 124 305]	[328 345 452 650]
257	(440, 304)	Michael	Unknown	[376 238 129 264]	[376 238 505 502]
257	(640, 305)	Franklin	Unknown	[583 238 115 269]	[583 238 698 507]
257	(843, 292)	Trevor	Unknown	[770 229 147 255]	[770 229 917 484]
257	(990, 386)	Lester	Unknown	[911 314 159 290]	[ 911  314 1070  604]
258	(390, 419)	Amanda	Unknown	[328 343 124 307]	[328 343 452 650]
258	(446, 299)	Michael	Unknown	[385 232 123 271]	[385 232 508 503]
258	(640, 305)	Franklin	Unknown	[583 238 114 270]	[583 238 697 508]
258	(840, 293)	Trevor	Unknown	[772 230 137 255]	[772 230 909 485]
258	(990, 387)	Lester	Unknown	[910 315 160 289]	[ 910  315 1070  604]
259	(390, 419)	Amanda	Unknown	[328 342 124 308]	[328 342 452 650]
259	(452, 298)	Michael	Unknown	[394 231 117 271]	[394 231 511 502]
259	(640, 305)	Franklin	Unknown	[583 238 114 269]	[583 238 697 507]
259	(831, 288)	Trevor	Unknown	[775 225 113 254]	[775 225 888 479]
259	(990, 387)	Lester	Unknown	[911 315 159 289]	[ 911  315 1070  604]
260	(390, 418)	Amanda	Unknown	[329 341 123 310]	[329 341 452 651]
260	(458, 296)	Michael	Unknown	[401 228 114 275]	[401 228 515 503]
260	(640, 304)	Franklin	Unknown	[583 237 114 270]	[583 237 697 507]
260	(822, 285)	Trevor	Unknown	[775 220  94 261]	[775 220 869 481]
260	(990, 387)	Lester	Unknown	[911 315 159 289]	[ 911  315 1070  604]
261	(390, 419)	Amanda	Unknown	[329 342 123 308]	[329 342 452 650]
261	(463, 295)	Michael	Unknown	[406 227 114 274]	[406 227 520 501]
261	(640, 304)	Franklin	Unknown	[583 237 114 270]	[583 237 697 507]
261	(816, 283)	Trevor	Unknown	[768 217  97 265]	[768 217 865 482]
261	(990, 387)	Lester	Unknown	[911 315 159 289]	[ 911  315 1070  604]
262	(390, 419)	Amanda	Unknown	[328 343 124 307]	[328 343 452 650]
262	(467, 293)	Michael	Unknown	[410 225 115 274]	[410 225 525 499]
262	(640, 304)	Franklin	Unknown	[583 237 114 270]	[583 237 697 507]
262	(811, 284)	Trevor	Unknown	[762 217  98 270]	[762 217 860 487]
262	(991, 387)	Lester	Unknown	[912 315 158 289]	[ 912  315 1070  604]
263	(390, 419)	Amanda	Unknown	[329 342 123 308]	[329 342 452 650]
263	(470, 291)	Michael	Unknown	[415 223 110 273]	[415 223 525 496]
263	(641, 305)	Franklin	Unknown	[584 238 114 269]	[584 238 698 507]
263	(807, 284)	Trevor	Unknown	[758 217  98 271]	[758 217 856 488]
263	(991, 387)	Lester	Unknown	[912 315 159 289]	[ 912  315 1071  604]
264	(390, 419)	Amanda	Unknown	[329 342 123 308]	[329 342 452 650]
264	(473, 289)	Michael	Unknown	[419 221 108 274]	[419 221 527 495]
264	(641, 305)	Franklin	Unknown	[584 238 114 269]	[584 238 698 507]
264	(807, 286)	Trevor	Unknown	[760 219  94 270]	[760 219 854 489]
264	(992, 388)	Lester	Unknown	[913 316 158 288]	[ 913  316 1071  604]
265	(390, 419)	Amanda	Unknown	[329 342 123 308]	[329 342 452 650]
265	(473, 290)	Michael	Unknown	[420 222 106 274]	[420 222 526 496]
265	(641, 305)	Franklin	Unknown	[585 238 113 269]	[585 238 698 507]
265	(806, 285)	Trevor	Unknown	[763 218  87 271]	[763 218 850 489]
265	(991, 389)	Lester	Unknown	[913 318 157 286]	[ 913  318 1070  604]
266	(390, 419)	Amanda	Unknown	[329 342 123 308]	[329 342 452 650]
266	(472, 292)	Michael	Unknown	[419 224 106 273]	[419 224 525 497]
266	(642, 305)	Franklin	Unknown	[585 238 114 269]	[585 238 699 507]
266	(804, 285)	Trevor	Unknown	[763 217  83 273]	[763 217 846 490]
266	(991, 389)	Lester	Unknown	[912 318 158 286]	[ 912  318 1070  604]
267	(390, 419)	Amanda	Unknown	[329 342 123 308]	[329 342 452 650]
267	(471, 292)	Michael	Unknown	[418 224 107 273]	[418 224 525 497]
267	(642, 305)	Franklin	Unknown	[585 238 114 269]	[585 238 699 507]
267	(803, 285)	Trevor	Unknown	[763 217  81 272]	[763 217 844 489]
267	(991, 390)	Lester	Unknown	[912 319 158 284]	[ 912  319 1070  603]
268	(390, 419)	Amanda	Unknown	[329 342 123 308]	[329 342 452 650]
268	(472, 292)	Michael	Unknown	[419 224 106 273]	[419 224 525 497]
268	(641, 305)	Franklin	Unknown	[584 238 115 270]	[584 238 699 508]
268	(804, 284)	Trevor	Unknown	[766 217  77 270]	[766 217 843 487]
268	(991, 390)	Lester	Unknown	[913 319 157 285]	[ 913  319 1070  604]
269	(390, 419)	Amanda	Unknown	[329 342 123 308]	[329 342 452 650]
269	(472, 292)	Michael	Unknown	[419 224 107 273]	[419 224 526 497]
269	(641, 305)	Franklin	Unknown	[584 238 115 270]	[584 238 699 508]
269	(806, 283)	Trevor	Unknown	[768 216  77 271]	[768 216 845 487]
269	(992, 390)	Lester	Unknown	[914 319 157 284]	[ 914  319 1071  603]
270	(390, 419)	Amanda	Unknown	[329 342 123 308]	[329 342 452 650]
270	(473, 292)	Michael	Unknown	[420 224 107 273]	[420 224 527 497]
270	(641, 305)	Franklin	Unknown	[584 238 115 270]	[584 238 699 508]
270	(812, 284)	Trevor	Unknown	[776 216  73 273]	[776 216 849 489]
270	(992, 390)	Lester	Unknown	[914 319 157 285]	[ 914  319 1071  604]
271	(390, 419)	Amanda	Unknown	[329 342 123 308]	[329 342 452 650]
271	(474, 293)	Michael	Unknown	[420 225 108 272]	[420 225 528 497]
271	(642, 305)	Franklin	Unknown	[584 238 116 270]	[584 238 700 508]
271	(814, 283)	Trevor	Unknown	[774 215  80 273]	[774 215 854 488]
271	(993, 391)	Lester	Unknown	[915 320 157 284]	[ 915  320 1072  604]
272	(390, 419)	Amanda	Unknown	[329 342 123 308]	[329 342 452 650]
272	(475, 293)	Michael	Unknown	[423 225 105 272]	[423 225 528 497]
272	(641, 305)	Franklin	Unknown	[583 238 116 270]	[583 238 699 508]
272	(814, 284)	Trevor	Unknown	[771 216  87 272]	[771 216 858 488]
272	(992, 391)	Lester	Unknown	[913 320 159 284]	[ 913  320 1072  604]
273	(390, 419)	Amanda	Unknown	[329 342 123 308]	[329 342 452 650]
273	(476, 292)	Michael	Unknown	[426 225 100 271]	[426 225 526 496]
273	(642, 305)	Franklin	Unknown	[584 238 116 270]	[584 238 700 508]
273	(814, 284)	Trevor	Unknown	[769 217  91 270]	[769 217 860 487]
273	(992, 391)	Lester	Unknown	[912 321 160 283]	[ 912  321 1072  604]
274	(390, 419)	Amanda	Unknown	[329 342 123 308]	[329 342 452 650]
274	(475, 292)	Michael	Unknown	[426 225  99 271]	[426 225 525 496]
274	(642, 304)	Franklin	Unknown	[584 237 116 271]	[584 237 700 508]
274	(815, 286)	Trevor	Unknown	[768 219  95 268]	[768 219 863 487]
274	(992, 392)	Lester	Unknown	[912 322 160 282]	[ 912  322 1072  604]
275	(390, 419)	Amanda	Unknown	[328 343 124 307]	[328 343 452 650]
275	(476, 293)	Michael	Unknown	[429 225  94 272]	[429 225 523 497]
275	(642, 304)	Franklin	Unknown	[584 237 116 270]	[584 237 700 507]
275	(819, 287)	Trevor	Unknown	[769 221 101 266]	[769 221 870 487]
275	(992, 392)	Lester	Unknown	[912 322 161 282]	[ 912  322 1073  604]
276	(391, 420)	Amanda	Unknown	[328 343 126 308]	[328 343 454 651]
276	(470, 295)	Michael	Unknown	[430 226  80 278]	[430 226 510 504]
276	(642, 304)	Franklin	Unknown	[584 237 117 271]	[584 237 701 508]
276	(823, 288)	Trevor	Unknown	[771 222 104 265]	[771 222 875 487]
276	(992, 393)	Lester	Unknown	[912 323 161 281]	[ 912  323 1073  604]
277	(390, 420)	Amanda	Unknown	[329 344 122 307]	[329 344 451 651]
277	(465, 295)	Michael	Unknown	[431 225  68 281]	[431 225 499 506]
277	(643, 303)	Franklin	Unknown	[585 236 116 271]	[585 236 701 507]
277	(826, 288)	Trevor	Unknown	[774 222 104 265]	[774 222 878 487]
277	(992, 393)	Lester	Unknown	[912 323 161 281]	[ 912  323 1073  604]
278	(390, 420)	Amanda	Unknown	[329 343 122 308]	[329 343 451 651]
278	(463, 295)	Michael	Unknown	[430 225  66 280]	[430 225 496 505]
278	(643, 304)	Franklin	Unknown	[584 236 118 272]	[584 236 702 508]
278	(825, 288)	Trevor	Unknown	[771 222 108 265]	[771 222 879 487]
278	(992, 393)	Lester	Unknown	[912 323 161 281]	[ 912  323 1073  604]
279	(390, 420)	Amanda	Unknown	[329 343 122 308]	[329 343 451 651]
279	(460, 297)	Michael	Unknown	[428 228  65 276]	[428 228 493 504]
279	(643, 304)	Franklin	Unknown	[584 236 118 272]	[584 236 702 508]
279	(820, 288)	Trevor	Unknown	[761 222 118 265]	[761 222 879 487]
279	(992, 393)	Lester	Unknown	[912 323 161 282]	[ 912  323 1073  605]
280	(390, 420)	Amanda	Unknown	[329 344 122 306]	[329 344 451 650]
280	(459, 299)	Michael	Unknown	[425 231  69 273]	[425 231 494 504]
280	(643, 304)	Franklin	Unknown	[584 236 118 272]	[584 236 702 508]
280	(816, 287)	Trevor	Unknown	[756 221 120 265]	[756 221 876 486]
280	(992, 393)	Lester	Unknown	[912 323 161 282]	[ 912  323 1073  605]
281	(389, 420)	Amanda	Unknown	[328 343 122 308]	[328 343 450 651]
281	(461, 300)	Michael	Unknown	[422 233  78 270]	[422 233 500 503]
281	(643, 304)	Franklin	Unknown	[585 236 116 272]	[585 236 701 508]
281	(811, 288)	Trevor	Unknown	[750 223 123 262]	[750 223 873 485]
281	(992, 392)	Lester	Unknown	[911 322 162 283]	[ 911  322 1073  605]
282	(389, 419)	Amanda	Unknown	[328 343 122 307]	[328 343 450 650]
282	(464, 301)	Michael	Unknown	[420 234  89 269]	[420 234 509 503]
282	(644, 303)	Franklin	Unknown	[587 236 114 271]	[587 236 701 507]
282	(808, 287)	Trevor	Unknown	[752 222 113 263]	[752 222 865 485]
282	(991, 392)	Lester	Unknown	[910 321 162 284]	[ 910  321 1072  605]
283	(388, 419)	Amanda	Unknown	[328 343 121 307]	[328 343 449 650]
283	(468, 299)	Michael	Unknown	[420 233  97 266]	[420 233 517 499]
283	(643, 303)	Franklin	Unknown	[587 236 113 271]	[587 236 700 507]
283	(805, 287)	Trevor	Unknown	[753 222 105 262]	[753 222 858 484]
283	(991, 392)	Lester	Unknown	[910 321 162 284]	[ 910  321 1072  605]
284	(389, 419)	Amanda	Unknown	[329 342 121 308]	[329 342 450 650]
284	(472, 299)	Michael	Unknown	[421 233 102 265]	[421 233 523 498]
284	(642, 304)	Franklin	Unknown	[585 236 115 272]	[585 236 700 508]
284	(802, 285)	Trevor	Unknown	[753 220  99 261]	[753 220 852 481]
284	(990, 391)	Lester	Unknown	[909 320 163 285]	[ 909  320 1072  605]
285	(389, 419)	Amanda	Unknown	[329 342 121 308]	[329 342 450 650]
285	(471, 300)	Michael	Unknown	[421 234 101 264]	[421 234 522 498]
285	(642, 304)	Franklin	Unknown	[585 236 115 272]	[585 236 700 508]
285	(802, 282)	Trevor	Unknown	[753 218  98 259]	[753 218 851 477]
285	(990, 391)	Lester	Unknown	[909 320 163 285]	[ 909  320 1072  605]
286	(389, 419)	Amanda	Unknown	[329 342 121 308]	[329 342 450 650]
286	(473, 300)	Michael	Unknown	[422 234 102 264]	[422 234 524 498]
286	(642, 304)	Franklin	Unknown	[585 236 115 272]	[585 236 700 508]
286	(802, 282)	Trevor	Unknown	[754 218  96 258]	[754 218 850 476]
286	(990, 391)	Lester	Unknown	[909 320 163 285]	[ 909  320 1072  605]
287	(389, 419)	Amanda	Unknown	[329 342 121 308]	[329 342 450 650]
287	(477, 298)	Michael	Unknown	[426 231 103 268]	[426 231 529 499]
287	(642, 304)	Franklin	Unknown	[585 237 115 270]	[585 237 700 507]
287	(801, 283)	Trevor	Unknown	[754 219  95 256]	[754 219 849 475]
287	(990, 391)	Lester	Unknown	[909 320 163 285]	[ 909  320 1072  605]
288	(390, 419)	Amanda	Unknown	[328 343 124 307]	[328 343 452 650]
288	(482, 297)	Michael	Unknown	[430 230 105 270]	[430 230 535 500]
288	(642, 304)	Franklin	Unknown	[585 237 115 271]	[585 237 700 508]
288	(801, 282)	Trevor	Unknown	[754 218  94 258]	[754 218 848 476]
288	(990, 391)	Lester	Unknown	[909 320 163 285]	[ 909  320 1072  605]
289	(391, 419)	Amanda	Unknown	[329 343 125 307]	[329 343 454 650]
289	(483, 295)	Michael	Unknown	[431 228 104 271]	[431 228 535 499]
289	(642, 304)	Franklin	Unknown	[585 237 115 270]	[585 237 700 507]
289	(800, 281)	Trevor	Unknown	[753 217  94 258]	[753 217 847 475]
289	(990, 390)	Lester	Unknown	[909 319 163 285]	[ 909  319 1072  604]
290	(393, 420)	Amanda	Unknown	[331 344 125 306]	[331 344 456 650]
290	(480, 293)	Michael	Unknown	[429 226 102 270]	[429 226 531 496]
290	(643, 304)	Franklin	Unknown	[585 237 116 270]	[585 237 701 507]
290	(799, 282)	Trevor	Unknown	[752 218  94 257]	[752 218 846 475]
290	(991, 390)	Lester	Unknown	[910 319 162 285]	[ 910  319 1072  604]
291	(397, 420)	Amanda	Unknown	[333 344 129 304]	[333 344 462 648]
291	(477, 293)	Michael	Unknown	[427 226 101 270]	[427 226 528 496]
291	(643, 304)	Franklin	Unknown	[585 237 116 270]	[585 237 701 507]
291	(799, 282)	Trevor	Unknown	[752 218  94 257]	[752 218 846 475]
291	(991, 389)	Lester	Unknown	[911 318 161 287]	[ 911  318 1072  605]
292	(399, 420)	Amanda	Unknown	[333 344 133 304]	[333 344 466 648]
292	(476, 293)	Michael	Unknown	[425 226 102 271]	[425 226 527 497]
292	(642, 305)	Franklin	Unknown	[584 238 117 270]	[584 238 701 508]
292	(798, 282)	Trevor	Unknown	[752 218  93 256]	[752 218 845 474]
292	(991, 389)	Lester	Unknown	[911 318 161 287]	[ 911  318 1072  605]
293	(402, 419)	Amanda	Unknown	[334 344 136 302]	[334 344 470 646]
293	(475, 293)	Michael	Unknown	[424 226 103 271]	[424 226 527 497]
293	(642, 304)	Franklin	Unknown	[585 237 115 270]	[585 237 700 507]
293	(799, 282)	Trevor	Unknown	[752 218  94 256]	[752 218 846 474]
293	(991, 389)	Lester	Unknown	[911 318 161 287]	[ 911  318 1072  605]
294	(403, 418)	Amanda	Unknown	[336 344 134 299]	[336 344 470 643]
294	(475, 293)	Michael	Unknown	[423 226 104 271]	[423 226 527 497]
294	(642, 305)	Franklin	Unknown	[585 238 115 269]	[585 238 700 507]
294	(800, 281)	Trevor	Unknown	[753 218  94 255]	[753 218 847 473]
294	(991, 389)	Lester	Unknown	[911 318 160 287]	[ 911  318 1071  605]
295	(401, 418)	Amanda	Unknown	[336 344 131 299]	[336 344 467 643]
295	(474, 293)	Michael	Unknown	[422 225 105 272]	[422 225 527 497]
295	(642, 305)	Franklin	Unknown	[584 237 116 272]	[584 237 700 509]
295	(801, 282)	Trevor	Unknown	[754 219  95 254]	[754 219 849 473]
295	(991, 388)	Lester	Unknown	[912 317 159 287]	[ 912  317 1071  604]
296	(398, 418)	Amanda	Unknown	[335 344 127 299]	[335 344 462 643]
296	(474, 292)	Michael	Unknown	[422 225 105 271]	[422 225 527 496]
296	(642, 305)	Franklin	Unknown	[584 238 116 269]	[584 238 700 507]
296	(802, 282)	Trevor	Unknown	[755 219  95 254]	[755 219 850 473]
296	(991, 388)	Lester	Unknown	[912 317 159 287]	[ 912  317 1071  604]
297	(394, 417)	Amanda	Unknown	[334 343 120 299]	[334 343 454 642]
297	(473, 293)	Michael	Unknown	[419 226 108 270]	[419 226 527 496]
297	(642, 305)	Franklin	Unknown	[584 238 116 269]	[584 238 700 507]
297	(804, 281)	Trevor	Unknown	[756 218  97 255]	[756 218 853 473]
297	(991, 388)	Lester	Unknown	[912 317 158 287]	[ 912  317 1070  604]
298	(387, 417)	Amanda	Unknown	[328 342 118 300]	[328 342 446 642]
298	(473, 293)	Michael	Unknown	[419 226 108 269]	[419 226 527 495]
298	(642, 305)	Franklin	Unknown	[584 238 116 269]	[584 238 700 507]
298	(804, 281)	Trevor	Unknown	[754 218 101 255]	[754 218 855 473]
298	(991, 388)	Lester	Unknown	[912 317 158 287]	[ 912  317 1070  604]
299	(381, 418)	Amanda	Unknown	[322 343 119 301]	[322 343 441 644]
299	(474, 292)	Michael	Unknown	[422 226 105 267]	[422 226 527 493]
299	(642, 305)	Franklin	Unknown	[584 238 116 269]	[584 238 700 507]
299	(803, 282)	Trevor	Unknown	[751 218 105 256]	[751 218 856 474]
299	(991, 388)	Lester	Unknown	[912 317 158 287]	[ 912  317 1070  604]
300	(378, 417)	Amanda	Unknown	[317 341 122 304]	[317 341 439 645]
300	(475, 292)	Michael	Unknown	[424 226 103 265]	[424 226 527 491]
300	(641, 305)	Franklin	Unknown	[583 238 117 270]	[583 238 700 508]
300	(803, 281)	Trevor	Unknown	[750 218 107 255]	[750 218 857 473]
300	(991, 388)	Lester	Unknown	[912 317 158 287]	[ 912  317 1070  604]
301	(376, 417)	Amanda	Unknown	[315 341 123 305]	[315 341 438 646]
301	(477, 293)	Michael	Unknown	[426 227 102 264]	[426 227 528 491]
301	(641, 305)	Franklin	Unknown	[583 238 117 269]	[583 238 700 507]
301	(803, 283)	Trevor	Unknown	[749 219 109 256]	[749 219 858 475]
301	(991, 388)	Lester	Unknown	[912 316 158 288]	[ 912  316 1070  604]
302	(376, 418)	Amanda	Unknown	[316 341 120 308]	[316 341 436 649]
302	(478, 293)	Michael	Unknown	[428 227 101 264]	[428 227 529 491]
302	(641, 305)	Franklin	Unknown	[583 238 117 269]	[583 238 700 507]
302	(802, 282)	Trevor	Unknown	[747 219 111 255]	[747 219 858 474]
302	(991, 387)	Lester	Unknown	[912 315 158 289]	[ 912  315 1070  604]
303	(376, 419)	Amanda	Unknown	[319 341 114 313]	[319 341 433 654]
303	(479, 293)	Michael	Unknown	[429 227 101 265]	[429 227 530 492]
303	(641, 304)	Franklin	Unknown	[583 237 117 271]	[583 237 700 508]
303	(800, 283)	Trevor	Unknown	[746 220 109 254]	[746 220 855 474]
303	(991, 387)	Lester	Unknown	[912 315 158 289]	[ 912  315 1070  604]
304	(379, 419)	Amanda	Unknown	[326 341 106 313]	[326 341 432 654]
304	(481, 293)	Michael	Unknown	[431 227 100 265]	[431 227 531 492]
304	(641, 305)	Franklin	Unknown	[583 238 116 269]	[583 238 699 507]
304	(798, 283)	Trevor	Unknown	[746 220 105 255]	[746 220 851 475]
304	(990, 387)	Lester	Unknown	[911 315 159 289]	[ 911  315 1070  604]
305	(381, 420)	Amanda	Unknown	[331 342 101 313]	[331 342 432 655]
305	(481, 294)	Michael	Unknown	[431 228 101 264]	[431 228 532 492]
305	(641, 305)	Franklin	Unknown	[583 238 116 269]	[583 238 699 507]
305	(797, 283)	Trevor	Unknown	[746 219 103 256]	[746 219 849 475]
305	(990, 387)	Lester	Unknown	[911 315 159 289]	[ 911  315 1070  604]
306	(384, 421)	Amanda	Unknown	[335 343  98 312]	[335 343 433 655]
306	(482, 293)	Michael	Unknown	[431 228 102 263]	[431 228 533 491]
306	(641, 305)	Franklin	Unknown	[583 238 116 269]	[583 238 699 507]
306	(796, 283)	Trevor	Unknown	[746 220 100 255]	[746 220 846 475]
306	(990, 387)	Lester	Unknown	[911 315 159 289]	[ 911  315 1070  604]
307	(385, 421)	Amanda	Unknown	[336 344  98 311]	[336 344 434 655]
307	(482, 294)	Michael	Unknown	[431 229 102 262]	[431 229 533 491]
307	(641, 304)	Franklin	Unknown	[583 237 116 270]	[583 237 699 507]
307	(796, 283)	Trevor	Unknown	[747 220  99 255]	[747 220 846 475]
307	(990, 387)	Lester	Unknown	[911 315 159 289]	[ 911  315 1070  604]
308	(383, 422)	Amanda	Unknown	[334 345  99 311]	[334 345 433 656]
308	(481, 294)	Michael	Unknown	[430 229 103 263]	[430 229 533 492]
308	(640, 305)	Franklin	Unknown	[583 238 115 269]	[583 238 698 507]
308	(796, 284)	Trevor	Unknown	[747 221  99 253]	[747 221 846 474]
308	(990, 387)	Lester	Unknown	[911 315 159 289]	[ 911  315 1070  604]
309	(383, 423)	Amanda	Unknown	[333 346 100 310]	[333 346 433 656]
309	(479, 294)	Michael	Unknown	[428 228 103 264]	[428 228 531 492]
309	(640, 305)	Franklin	Unknown	[583 238 115 269]	[583 238 698 507]
309	(797, 284)	Trevor	Unknown	[747 221 100 253]	[747 221 847 474]
309	(991, 387)	Lester	Unknown	[912 315 158 289]	[ 912  315 1070  604]
310	(383, 423)	Amanda	Unknown	[333 346 101 310]	[333 346 434 656]
310	(477, 293)	Michael	Unknown	[425 228 104 263]	[425 228 529 491]
310	(640, 304)	Franklin	Unknown	[583 237 114 270]	[583 237 697 507]
310	(797, 284)	Trevor	Unknown	[747 221 100 253]	[747 221 847 474]
310	(991, 388)	Lester	Unknown	[912 316 158 288]	[ 912  316 1070  604]
311	(382, 423)	Amanda	Unknown	[333 346  99 310]	[333 346 432 656]
311	(475, 294)	Michael	Unknown	[423 229 105 263]	[423 229 528 492]
311	(640, 304)	Franklin	Unknown	[583 237 114 270]	[583 237 697 507]
311	(798, 285)	Trevor	Unknown	[747 222 102 252]	[747 222 849 474]
311	(991, 388)	Lester	Unknown	[912 317 158 287]	[ 912  317 1070  604]
